
0 0 0 0 0 0 0 0 0 0 0 0 0 0 0 0 0 0 0 0 0 0 0 0 0 0 0 0 0 0 0 0 0 0 0 0 0 0 0 0 0 0 0 0 0 0 0 0 0 0 0 0 0 0 0 0 0 0 0 0 0 0 0 0 0 0 0 0 0 0 0 0 0 0 0 0 0 0 0 0 0 0 0 0 0 0 0 0 0 0 0 0 0 0 0 0 0 0 0 0 0 0 0 0 0 0 0 0 0 0 0 0 0 0 0 0 0 0 0 0 
0 -0.000700166 0.00184754 0.00480552 0.00601412 0.00479184 0.00203395 -0.000496589 -0.00123337 0.000374901 0.00367089 0.00721904 0.00955411 0.00984762 0.00820532 0.00552699 0.00306065 0.00188264 0.0025179 0.00481662 0.00808443 0.0113739 0.0138105 0.0148425 0.0143547 0.0126401 0.0102672 0.00790127 0.00613495 0.00536816 0.00575457 0.00721101 0.00947294 0.0121733 0.0149233 0.017379 0.0192851 0.0204948 0.020968 0.0207542 0.0199669 0.0187564 0.0172844 0.0157038 0.0141451 0.0127086 0.0114625 0.0104448 0.00966689 0.00911996 0.0087803 0.00861501 0.00858663 0.00865685 0.00878919 0.00895089 0.00911397 0.00925588 0.00935969 0.00941415 0.00941367 0.00935825 0.00925348 0.00911061 0.00894656 0.00878388 0.00865056 0.00857935 0.00860673 0.008771 0.00910964 0.00965553 0.0104323 0.0114491 0.012694 0.0141295 0.0156871 0.0172666 0.0187375 0.0199469 0.0207331 0.0209459 0.0204716 0.0192607 0.0173536 0.0148969 0.0121459 0.00944454 0.00718167 0.00572434 0.00533708 0.00610308 0.00786867 0.0102339 0.0126062 0.0143204 0.0148077 0.0137755 0.0113387 0.00804913 0.00478138 0.00248284 0.0018479 0.0030264 0.00549337 0.0081725 0.00981578 0.00952343 0.00718971 0.0036431 0.000348867 -0.00125744 -0.000518477 0.00201447 0.00477499 0.00600016 0.00479467 0.00184005 -0.000704037 0 
0 0.00184754 0.00592672 0.00856163 0.00797117 0.00475249 0.00115537 -0.000396104 0.00133026 0.00581079 0.0111703 0.0152082 0.0164567 0.0147769 0.0112938 0.00780667 0.00600168 0.00681606 0.0101712 0.0151095 0.020215 0.0241226 0.0259324 0.0254179 0.0230051 0.0195741 0.0161747 0.0137482 0.0129268 0.0139403 0.0166298 0.020539 0.0250482 0.0295099 0.0333627 0.0362043 0.0378221 0.0381879 0.0374246 0.0357598 0.0334764 0.0308673 0.0282009 0.0256982 0.0235211 0.0217709 0.0204927 0.0196854 0.0193124 0.0193134 0.0196144 0.0201364 0.0208014 0.0215374 0.022281 0.0229782 0.0235854 0.0240688 0.024404 0.024575 0.024574 0.0244011 0.024064 0.0235787 0.0229695 0.0222704 0.0215249 0.0207868 0.0201198 0.0195958 0.0192928 0.0192897 0.0196606 0.0204658 0.0217418 0.0234899 0.0256648 0.0281653 0.0308295 0.0334364 0.0357177 0.0373802 0.0381414 0.0377735 0.0361535 0.0333099 0.0294551 0.0249914 0.0204804 0.0165693 0.0138782 0.012863 0.013683 0.0161081 0.0195065 0.0229364 0.0253484 0.0258623 0.0240522 0.0201444 0.015039 0.010101 0.0067466 0.00593318 0.00773944 0.0112282 0.0147132 0.0163954 0.0151495 0.0111148 0.00575874 0.00128214 -0.000439859 0.00111643 0.00471883 0.00794325 0.00853994 0.00591175 0.0018398 0 
0 0.00480552 0.00856163 0.00898715 0.00631226 0.00277134 0.00107469 0.00281876 0.00769354 0.0137871 0.0186712 0.0206164 0.019336 0.0159865 0.0125396 0.010891 0.0121156 0.0161402 0.0218867 0.0277533 0.032206 0.0342593 0.0337133 0.0311181 0.0275296 0.0241672 0.0220864 0.0219495 0.0239302 0.0277467 0.0327863 0.0382751 0.043444 0.0476613 0.0505122 0.0518245 0.0516494 0.0502119 0.0478473 0.0449365 0.0418513 0.038914 0.0363732 0.0343946 0.0330634 0.0323946 0.0323484 0.0328458 0.0337847 0.0350527 0.0365376 0.0381346 0.0397509 0.0413076 0.0427405 0.0439991 0.0450452 0.0458509 0.0463973 0.0466726 0.0466712 0.046393 0.0458437 0.0450351 0.0439861 0.0427246 0.0412887 0.039729 0.0381098 0.0365097 0.0350217 0.0337506 0.0328086 0.032308 0.032351 0.0330165 0.0343445 0.0363198 0.0388573 0.0417913 0.0448732 0.0477808 0.0501422 0.0515764 0.0517484 0.050433 0.0475791 0.0433588 0.0381871 0.0326957 0.0276535 0.0238347 0.0218518 0.0219867 0.0240657 0.0274266 0.0310139 0.0336083 0.0341537 0.0321002 0.0276477 0.0217816 0.0160361 0.0120129 0.0107902 0.0124413 0.0158911 0.019244 0.0205285 0.018588 0.0137091 0.00762142 0.00275317 0.00101633 0.00272088 0.00627042 0.00895464 0.0085392 0.00479393 0 
0 0.00601412 0.00797117 0.00631226 0.00338443 0.00205439 0.00408688 0.00927812 0.0157324 0.020984 0.0232757 0.0223431 0.0194077 0.0165022 0.0155282 0.0174901 0.0221873 0.0284108 0.034483 0.0388865 0.0407468 0.0400348 0.0374767 0.0342546 0.031627 0.030592 0.0316753 0.034871 0.0397185 0.0454652 0.0512611 0.0563346 0.0601172 0.0623058 0.0628645 0.0619822 0.0600031 0.05735 0.0544539 0.0516998 0.0493909 0.0477328 0.0468334 0.0467136 0.0473252 0.0485716 0.0503271 0.0524538 0.0548158 0.0572877 0.0597608 0.0621454 0.0643711 0.0663856 0.0681515 0.0696442 0.0708484 0.0717554 0.0723608 0.0726629 0.072661 0.0723551 0.0717458 0.0708349 0.0696269 0.0681303 0.0663604 0.064342 0.0621122 0.0597235 0.0572464 0.0547703 0.0524042 0.0502732 0.0485135 0.0472628 0.0466468 0.0467622 0.0476573 0.0493109 0.0516155 0.0543653 0.057257 0.0599059 0.0618808 0.0627589 0.0621961 0.0600037 0.0562173 0.0511403 0.045341 0.0395911 0.0347408 0.0315424 0.0304568 0.0314898 0.0341158 0.0373368 0.0398941 0.0406058 0.0387457 0.034343 0.0282721 0.0220505 0.0173559 0.0153972 0.0163751 0.0192853 0.022226 0.0231648 0.0208801 0.0156363 0.00919077 0.00400915 0.00198719 0.0033287 0.00626897 0.00794131 0.00599868 0 
0 0.00479184 0.00475249 0.00277134 0.00205439 0.00457138 0.0101931 0.0170069 0.0225191 0.0250052 0.0243087 0.0217836 0.0195372 0.0194293 0.0223057 0.0277521 0.0343828 0.0404609 0.0445586 0.046013 0.0450563 0.0426379 0.0400535 0.0385327 0.0389144 0.0414819 0.0459701 0.0517049 0.0578112 0.0634266 0.0678693 0.0707358 0.0719253 0.071603 0.0701253 0.0679506 0.0655535 0.0633578 0.0616924 0.0607715 0.0606947 0.0614614 0.0629941 0.0651636 0.0678133 0.0707802 0.07391 0.0770672 0.0801409 0.0830459 0.0857221 0.0881311 0.0902524 0.0920793 0.0936146 0.0948672 0.0958488 0.0965715 0.097046 0.09728 0.0972776 0.0970388 0.0965596 0.095832 0.0948456 0.0935881 0.0920478 0.0902159 0.0880896 0.0856756 0.0829943 0.0800841 0.0770052 0.0738427 0.0707076 0.0677353 0.0650801 0.0629052 0.0613671 0.0605949 0.0606663 0.0615817 0.0632417 0.0654321 0.0678239 0.0699935 0.0714661 0.0717836 0.0705894 0.0677184 0.0632716 0.0576522 0.0515423 0.0458043 0.0413131 0.0387432 0.0383595 0.0398788 0.0424623 0.0448803 0.0458372 0.0443838 0.0402878 0.0342121 0.0275846 0.0221422 0.0192707 0.0193843 0.0216375 0.0241703 0.0248755 0.0223992 0.0168979 0.0100961 0.0044875 0.00198484 0.00271731 0.00471522 0.00477256 0 
0 0.00203395 0.00115537 0.00107469 0.00408688 0.0101931 0.0174556 0.0233086 0.0260202 0.0255334 0.0233586 0.0217161 0.0224508 0.0262518 0.0324709 0.0395205 0.0455915 0.0493549 0.0503863 0.0492094 0.0470129 0.0451979 0.0449312 0.0468429 0.050926 0.0566252 0.0630508 0.0692348 0.0743566 0.0778914 0.0796661 0.0798316 0.0787787 0.0770282 0.0751226 0.0735388 0.0726327 0.072615 0.073555 0.0754025 0.078021 0.0812226 0.0848002 0.0885533 0.0923051 0.0959136 0.0992744 0.10232 0.105014 0.107348 0.109332 0.110988 0.112348 0.113446 0.114315 0.114988 0.115492 0.115848 0.116076 0.116185 0.116182 0.116067 0.115834 0.115471 0.114962 0.114284 0.113408 0.112305 0.110939 0.109276 0.107286 0.104946 0.102245 0.0991937 0.0958266 0.0922116 0.0884532 0.0846937 0.0811095 0.0779014 0.0752763 0.0734223 0.0724759 0.0724872 0.073387 0.0749646 0.0768642 0.0786089 0.0796562 0.0794854 0.0777056 0.0741661 0.0690399 0.062852 0.056423 0.0507208 0.0466354 0.0447219 0.0449875 0.0468021 0.0489989 0.0501769 0.0491475 0.045387 0.0393198 0.0322749 0.0260617 0.0222677 0.021541 0.0231928 0.025378 0.0258766 0.023178 0.0173393 0.0100926 0.00400357 0.00100997 0.00111072 0.00201086 0 
0 -0.000496589 -0.000396104 0.00281876 0.00927812 0.0170069 0.0233086 0.0263593 0.0261325 0.0242711 0.0231303 0.0245878 0.0292214 0.036175 0.0436616 0.0497867 0.053303 0.0540101 0.0527116 0.0508244 0.0498391 0.0508413 0.0542352 0.0597151 0.0664429 0.0733391 0.0793836 0.0838463 0.0864052 0.0871499 0.0864951 0.0850456 0.0834529 0.0822942 0.0819917 0.0827766 0.0846937 0.087633 0.0913776 0.0956539 0.100178 0.10469 0.108976 0.112883 0.116313 0.119225 0.121617 0.123524 0.124996 0.126098 0.126896 0.127453 0.127827 0.128066 0.128209 0.128289 0.128328 0.128343 0.128347 0.128345 0.128342 0.128337 0.128327 0.128304 0.128259 0.128172 0.128022 0.127776 0.127395 0.126831 0.126026 0.124917 0.123437 0.121523 0.119123 0.116204 0.112766 0.108852 0.104558 0.100038 0.095507 0.0912231 0.087471 0.0845242 0.0825998 0.0818077 0.0821033 0.0832551 0.0848413 0.0862846 0.0869336 0.0861834 0.0836194 0.0791522 0.0731037 0.0662041 0.0594735 0.0539915 0.0505963 0.0495936 0.0505793 0.0524678 0.0537686 0.0530649 0.049553 0.0434335 0.0359537 0.0290082 0.024384 0.0229373 0.0240902 0.0259653 0.0262073 0.0231733 0.0168899 0.00918112 0.00274341 -0.000448086 -0.000523465 0 
0 -0.00123337 0.00133026 0.00769354 0.0157324 0.0225191 0.0260202 0.0261325 0.0245719 0.0238296 0.0258618 0.0311963 0.0388152 0.0467507 0.0530141 0.056413 0.0569385 0.0556434 0.0541467 0.0540097 0.0562257 0.0609736 0.0676634 0.0752032 0.0823644 0.088121 0.0918751 0.0935359 0.093463 0.0923186 0.0908838 0.0898875 0.0898817 0.0911767 0.0938335 0.0977018 0.102483 0.107803 0.113275 0.118557 0.123376 0.127553 0.130992 0.133676 0.135648 0.136991 0.137813 0.138225 0.138339 0.13825 0.13804 0.13777 0.137487 0.137219 0.136984 0.136792 0.136642 0.136533 0.136463 0.136426 0.136423 0.136451 0.136514 0.136615 0.136757 0.136942 0.137169 0.137429 0.137704 0.137966 0.138168 0.138249 0.138127 0.137705 0.136875 0.135523 0.133543 0.13085 0.127403 0.123218 0.118389 0.113099 0.107618 0.10229 0.0975002 0.0936237 0.0909589 0.0896562 0.0896545 0.0906437 0.0920719 0.0932101 0.0932772 0.0916112 0.0878525 0.0820921 0.0749277 0.0673856 0.0606943 0.0559458 0.0537302 0.0538688 0.0553681 0.056667 0.0561466 0.052754 0.0464984 0.0385722 0.0309639 0.0256418 0.0236234 0.0243813 0.0259592 0.0258659 0.0223858 0.0156218 0.00760764 0.001271 -0.00126401 0 
0 0.000374901 0.00581079 0.0137871 0.020984 0.0250052 0.0255334 0.0242711 0.0238296 0.0262855 0.0321812 0.040392 0.0487912 0.0552858 0.0587061 0.0591945 0.0580168 0.0569675 0.0576634 0.0610029 0.0669501 0.0746545 0.082807 0.0900733 0.0954638 0.0985455 0.0994723 0.098864 0.097597 0.0965769 0.0965489 0.0979798 0.101018 0.105525 0.111145 0.117406 0.123805 0.129892 0.135313 0.139839 0.143363 0.14589 0.147505 0.14835 0.148594 0.14841 0.147957 0.147373 0.146763 0.146201 0.145735 0.145386 0.145155 0.145032 0.144994 0.145016 0.145072 0.145136 0.14519 0.145218 0.145214 0.145177 0.145115 0.145042 0.144977 0.144946 0.144975 0.14509 0.145311 0.145652 0.146109 0.146661 0.147262 0.147837 0.14828 0.148454 0.148201 0.147346 0.145721 0.143185 0.139651 0.135115 0.129684 0.123588 0.117179 0.11091 0.105281 0.100765 0.0977184 0.0962796 0.0963001 0.0973132 0.0985737 0.0991762 0.0982443 0.0951582 0.0897642 0.0824952 0.0743411 0.0666361 0.0606894 0.0573515 0.0566586 0.0577122 0.0588956 0.0584143 0.0550027 0.0485184 0.0401313 0.0319343 0.0260542 0.0236157 0.0240766 0.0253603 0.0248556 0.02086 0.0136907 0.0057443 0.000340528 0 
0 0.00367089 0.0111703 0.0186712 0.0232757 0.0243087 0.0233586 0.0231303 0.0258618 0.0321812 0.040916 0.0498039 0.0566316 0.0602117 0.060793 0.0598185 0.059238 0.0607191 0.0650732 0.0720672 0.0806174 0.0892308 0.0965038 0.101516 0.104019 0.104414 0.10356 0.102508 0.102233 0.103438 0.106452 0.111227 0.117408 0.124446 0.131724 0.138661 0.144796 0.149823 0.153603 0.156149 0.157585 0.158116 0.157978 0.157414 0.156643 0.155845 0.155154 0.15466 0.154406 0.154403 0.15463 0.155049 0.15561 0.156256 0.156931 0.157581 0.15816 0.158627 0.158955 0.159121 0.159116 0.15894 0.158604 0.158126 0.157538 0.156879 0.156194 0.155538 0.154967 0.154538 0.154301 0.154294 0.154537 0.155021 0.155701 0.156488 0.157249 0.157802 0.157929 0.157388 0.15594 0.153384 0.149593 0.144556 0.138411 0.131463 0.124176 0.117128 0.110938 0.106154 0.103131 0.101919 0.102186 0.103232 0.10408 0.10368 0.101173 0.0961586 0.0888837 0.0802696 0.0717199 0.0647278 0.060377 0.0589006 0.0594874 0.0604698 0.0598982 0.0563295 0.0495151 0.0406425 0.031925 0.025625 0.0229149 0.0231669 0.024143 0.0231383 0.0185645 0.0110967 0.00363281 0 
0 0.00721904 0.0152082 0.0206164 0.0223431 0.0217836 0.0217161 0.0245878 0.0311963 0.040392 0.0498039 0.0570769 0.0609567 0.0617463 0.061031 0.0609043 0.0630929 0.0683413 0.0762446 0.0855122 0.0944929 0.101738 0.106414 0.108466 0.108533 0.107691 0.107124 0.107828 0.110414 0.115035 0.121424 0.129012 0.137081 0.14491 0.151896 0.157624 0.161889 0.164688 0.166177 0.166617 0.166324 0.165615 0.16478 0.16405 0.163593 0.163512 0.163848 0.164594 0.165703 0.167107 0.16872 0.170455 0.172223 0.173945 0.175547 0.176971 0.178165 0.179092 0.179723 0.180041 0.180036 0.179708 0.179066 0.178129 0.176924 0.17549 0.173876 0.172144 0.170365 0.168619 0.166994 0.16558 0.164459 0.163702 0.163355 0.163424 0.163869 0.164587 0.165411 0.166107 0.166389 0.165937 0.164436 0.161625 0.157349 0.15161 0.144613 0.136774 0.128695 0.121097 0.114699 0.110069 0.107475 0.106764 0.107325 0.108162 0.10809 0.106035 0.101357 0.0941116 0.0851315 0.0758659 0.0679662 0.062723 0.0605413 0.0606767 0.0614026 0.0606256 0.0567604 0.0495041 0.0401111 0.0309366 0.0243517 0.0215059 0.021602 0.0221924 0.0204994 0.0151274 0.0071773 0 
0 0.00955411 0.0164567 0.019336 0.0194077 0.0195372 0.0224508 0.0292214 0.0388152 0.0487912 0.0566316 0.0609567 0.0620631 0.0616407 0.0619224 0.0647152 0.0707298 0.0794223 0.0893201 0.0986309 0.10587 0.110293 0.112035 0.111959 0.111332 0.111437 0.113252 0.117263 0.12342 0.131232 0.139929 0.148655 0.156635 0.163295 0.168318 0.171648 0.173444 0.174021 0.173772 0.173104 0.172387 0.171919 0.171909 0.172475 0.173655 0.17542 0.177691 0.18036 0.183305 0.186401 0.189529 0.192582 0.195472 0.198124 0.200479 0.202494 0.204137 0.205384 0.206221 0.206638 0.206633 0.206204 0.205355 0.204097 0.202443 0.200416 0.198049 0.195386 0.192485 0.189419 0.186279 0.183171 0.180214 0.177532 0.175248 0.173471 0.172279 0.171699 0.171696 0.172151 0.172855 0.173511 0.173747 0.173158 0.171349 0.168007 0.162972 0.156301 0.14831 0.139574 0.130867 0.123046 0.11688 0.112861 0.111039 0.110928 0.111551 0.111623 0.109879 0.105455 0.0982171 0.0889086 0.0790146 0.0703278 0.0643207 0.0615374 0.0612672 0.0617032 0.0606127 0.0563057 0.0484859 0.038533 0.0289648 0.0222224 0.0193398 0.019244 0.0192088 0.016369 0.00950875 0 
0 0.00984762 0.0147769 0.0159865 0.0165022 0.0194293 0.0262518 0.036175 0.0467507 0.0552858 0.0602117 0.0617463 0.0616407 0.0622649 0.0655383 0.0721841 0.08156 0.0920366 0.101687 0.108987 0.113269 0.11484 0.114773 0.114502 0.115384 0.118355 0.123753 0.131318 0.140336 0.149858 0.158927 0.166757 0.172853 0.17704 0.179436 0.180382 0.180347 0.179837 0.179323 0.179186 0.179694 0.180992 0.183113 0.186005 0.18955 0.193592 0.19796 0.202484 0.207012 0.21141 0.215573 0.219421 0.222894 0.225957 0.228587 0.230775 0.232518 0.233818 0.23468 0.235106 0.2351 0.234662 0.233788 0.232475 0.23072 0.22852 0.225877 0.222801 0.219315 0.215455 0.211279 0.206867 0.202326 0.197788 0.193407 0.189352 0.185793 0.182887 0.180752 0.17944 0.178919 0.179041 0.179541 0.180038 0.18006 0.179101 0.176692 0.172493 0.166385 0.158543 0.149464 0.139932 0.130904 0.123331 0.117926 0.114949 0.114062 0.114329 0.114394 0.112821 0.10854 0.101243 0.0915968 0.0811263 0.0717585 0.0651229 0.0618619 0.0612524 0.0613751 0.0598601 0.0549564 0.0464461 0.0358981 0.0260054 0.0192163 0.0163256 0.0158493 0.0146822 0.00979868 0 
0 0.00820532 0.0112938 0.0125396 0.0155282 0.0223057 0.0324709 0.0436616 0.0530141 0.0587061 0.060793 0.061031 0.0619224 0.0655383 0.0726723 0.0826342 0.0936638 0.103701 0.11116 0.115429 0.116962 0.117018 0.117182 0.118875 0.122977 0.129671 0.138487 0.148502 0.158613 0.167793 0.175286 0.180711 0.184066 0.185663 0.186021 0.185751 0.185442 0.185592 0.186551 0.188513 0.191524 0.195507 0.2003 0.205689 0.211442 0.217333 0.223165 0.228772 0.234029 0.238851 0.243185 0.247007 0.250318 0.25313 0.255466 0.257355 0.258824 0.259899 0.260601 0.260945 0.260939 0.260582 0.259866 0.258778 0.257295 0.255393 0.253044 0.250218 0.246894 0.243058 0.23871 0.233874 0.228602 0.222981 0.217135 0.211229 0.205461 0.200058 0.19525 0.191252 0.188226 0.186249 0.185275 0.185111 0.185405 0.185662 0.18529 0.18368 0.180312 0.174875 0.16737 0.15818 0.148059 0.138035 0.129211 0.12251 0.118403 0.116707 0.116539 0.116483 0.114951 0.110684 0.103229 0.0931988 0.0821779 0.0722269 0.0651062 0.0615061 0.060633 0.060416 0.0583529 0.0526876 0.0433647 0.0322067 0.0220773 0.0153388 0.0123925 0.0111923 0.00815284 0 
0 0.00552699 0.00780667 0.010891 0.0174901 0.0277521 0.0395205 0.0497867 0.056413 0.0591945 0.0598185 0.0609043 0.0647152 0.0721841 0.0826342 0.0942057 0.1047 0.112444 0.116837 0.118451 0.118707 0.119335 0.121812 0.126967 0.134835 0.144746 0.155583 0.166108 0.175254 0.182325 0.187081 0.189708 0.190717 0.190797 0.190674 0.19099 0.192225 0.194659 0.198377 0.203295 0.209209 0.215838 0.222878 0.230032 0.23704 0.243693 0.249841 0.255387 0.260287 0.264534 0.268151 0.271183 0.273684 0.275715 0.277333 0.278593 0.279542 0.280218 0.28065 0.280857 0.28085 0.280629 0.280183 0.279493 0.27853 0.277256 0.275623 0.273578 0.271062 0.268016 0.264384 0.260122 0.255207 0.249645 0.243482 0.236813 0.229789 0.22262 0.215564 0.208918 0.202989 0.198055 0.194322 0.191872 0.190622 0.190291 0.190399 0.190305 0.189283 0.186642 0.181874 0.174792 0.165635 0.155101 0.144255 0.134338 0.126464 0.121304 0.118825 0.118196 0.117941 0.11633 0.111941 0.104204 0.093719 0.0821592 0.0717233 0.0642712 0.0604799 0.0594165 0.0588179 0.0560649 0.0494701 0.0392388 0.0275085 0.0172881 0.0107341 0.00769842 0.00547103 0 
0 0.00306065 0.00600168 0.0121156 0.0221873 0.0343828 0.0455915 0.053303 0.0569385 0.0580168 0.059238 0.0630929 0.0707298 0.08156 0.0936638 0.1047 0.112868 0.117532 0.119335 0.11984 0.120914 0.124103 0.1302 0.139108 0.149971 0.161496 0.172327 0.181377 0.188026 0.19219 0.19425 0.194911 0.195015 0.195377 0.196655 0.199273 0.203406 0.208999 0.215824 0.223537 0.231747 0.24007 0.248165 0.255763 0.262673 0.268782 0.274046 0.278479 0.282131 0.285082 0.287422 0.289247 0.290647 0.291704 0.292489 0.293061 0.293466 0.293739 0.293905 0.293981 0.293973 0.293883 0.293702 0.293414 0.292994 0.292407 0.291607 0.290534 0.289119 0.287278 0.284922 0.281956 0.278287 0.273838 0.268557 0.262432 0.255506 0.247891 0.239779 0.231439 0.223212 0.215482 0.208641 0.203031 0.198882 0.196248 0.194955 0.194578 0.194459 0.193785 0.191712 0.187536 0.180876 0.171816 0.160975 0.149443 0.138574 0.129661 0.123561 0.120371 0.119298 0.118796 0.116998 0.112342 0.104184 0.0931597 0.081071 0.0702586 0.0626425 0.0588114 0.0576171 0.056569 0.052967 0.0452925 0.0341243 0.0219729 0.0119491 0.00588679 0.00300125 0 
0 0.00188264 0.00681606 0.0161402 0.0284108 0.0404609 0.0493549 0.0540101 0.0556434 0.0569675 0.0607191 0.0683413 0.0794223 0.0920366 0.103701 0.112444 0.117532 0.119628 0.120409 0.121879 0.125673 0.132577 0.142388 0.154085 0.166211 0.177305 0.186264 0.192553 0.196247 0.197922 0.198463 0.19885 0.199958 0.202427 0.206597 0.212507 0.219947 0.228528 0.237776 0.2472 0.256357 0.264892 0.272554 0.279197 0.284773 0.28931 0.292892 0.295637 0.297679 0.299153 0.300186 0.300888 0.301352 0.301648 0.301833 0.301945 0.302011 0.302048 0.302065 0.302069 0.302061 0.302042 0.302009 0.301956 0.301875 0.301747 0.301546 0.301233 0.300753 0.300035 0.298985 0.297494 0.295435 0.292673 0.289073 0.284519 0.278925 0.272264 0.264585 0.256032 0.246857 0.237415 0.22815 0.219551 0.212094 0.206167 0.201981 0.199496 0.198373 0.197972 0.197416 0.195729 0.192023 0.185723 0.176755 0.165653 0.15352 0.141818 0.132005 0.1251 0.121307 0.119839 0.119064 0.116976 0.111898 0.103168 0.0915197 0.0789243 0.0678652 0.0602682 0.056545 0.0552529 0.0536549 0.0490389 0.0401877 0.0281842 0.0159642 0.00669463 0.00181985 0 
0 0.0025179 0.0101712 0.0218867 0.034483 0.0445586 0.0503863 0.0527116 0.0541467 0.0576634 0.0650732 0.0762446 0.0893201 0.101687 0.11116 0.116837 0.119335 0.120409 0.122204 0.126472 0.134031 0.144608 0.157043 0.169727 0.181093 0.190021 0.196055 0.199423 0.200886 0.201501 0.202364 0.204389 0.208175 0.213951 0.221603 0.230751 0.240853 0.251307 0.261547 0.271097 0.279617 0.286903 0.292886 0.297601 0.301165 0.303741 0.305516 0.306675 0.307387 0.307799 0.308025 0.30815 0.30823 0.308301 0.308377 0.30846 0.308544 0.308619 0.308673 0.308699 0.30869 0.308648 0.308578 0.308487 0.308386 0.308286 0.308193 0.308105 0.308007 0.307865 0.307622 0.307192 0.306462 0.305285 0.303492 0.300897 0.297315 0.292581 0.286579 0.279274 0.270736 0.261167 0.250909 0.240436 0.230316 0.22115 0.213481 0.207689 0.203887 0.201847 0.20097 0.20034 0.198865 0.195486 0.189442 0.180506 0.169133 0.156444 0.144005 0.133427 0.125869 0.121605 0.119815 0.118749 0.116263 0.1106 0.101143 0.0887958 0.0757433 0.0645984 0.0572185 0.0537355 0.0523377 0.0500535 0.0442709 0.0342444 0.0217013 0.0100433 0.00245179 0 
0 0.00481662 0.0151095 0.0277533 0.0388865 0.046013 0.0492094 0.0508244 0.0540097 0.0610029 0.0720672 0.0855122 0.0986309 0.108987 0.115429 0.118451 0.11984 0.121879 0.126472 0.13452 0.145727 0.158824 0.172058 0.18375 0.192747 0.198657 0.201845 0.203246 0.204078 0.205539 0.208566 0.213701 0.221048 0.230328 0.240991 0.252343 0.263676 0.274365 0.283935 0.292087 0.298698 0.303793 0.307514 0.310073 0.311717 0.312696 0.313238 0.313535 0.313733 0.313936 0.314203 0.314562 0.315009 0.315524 0.31607 0.316607 0.317095 0.317496 0.317778 0.31792 0.317912 0.317752 0.317452 0.317035 0.316529 0.315974 0.31541 0.314878 0.314413 0.314036 0.31375 0.313529 0.313311 0.312996 0.312435 0.311436 0.309772 0.307194 0.303454 0.298339 0.291709 0.283537 0.273947 0.263239 0.251887 0.240516 0.229836 0.220538 0.213174 0.208023 0.20498 0.203506 0.202661 0.201248 0.198049 0.192131 0.183126 0.171429 0.158192 0.145094 0.133887 0.125843 0.121256 0.119225 0.117848 0.114841 0.108416 0.0980807 0.0849862 0.071569 0.0605362 0.0535781 0.050432 0.0488602 0.045711 0.0386361 0.0275589 0.0149753 0.00474725 0 
0 0.00808443 0.020215 0.032206 0.0407468 0.0450563 0.0470129 0.0498391 0.0562257 0.0669501 0.0806174 0.0944929 0.10587 0.113269 0.116962 0.118707 0.120914 0.125673 0.134031 0.145727 0.159419 0.173218 0.185322 0.194519 0.200451 0.2036 0.205059 0.206197 0.208307 0.212347 0.21879 0.227612 0.238366 0.250332 0.262678 0.274602 0.285449 0.294767 0.302328 0.308111 0.312259 0.315027 0.316731 0.317698 0.318233 0.318592 0.31897 0.3195 0.320255 0.321255 0.322481 0.323884 0.325396 0.326939 0.328435 0.329808 0.33099 0.331925 0.332571 0.332896 0.332887 0.332543 0.33188 0.330927 0.329726 0.328335 0.326821 0.325259 0.323728 0.322306 0.321061 0.320041 0.319266 0.318716 0.318318 0.317939 0.317384 0.316396 0.314672 0.311883 0.307715 0.301912 0.29433 0.284992 0.274125 0.262181 0.249817 0.237833 0.227061 0.218223 0.211763 0.207708 0.205585 0.204435 0.202965 0.199807 0.193868 0.184665 0.172557 0.158756 0.145066 0.133373 0.125022 0.120271 0.118077 0.116347 0.112671 0.105294 0.0939427 0.0800963 0.0664618 0.0557743 0.0494286 0.0466476 0.0447404 0.0404849 0.0320026 0.0200746 0.00801184 0 
0 0.0113739 0.0241226 0.0342593 0.0400348 0.0426379 0.0451979 0.0508413 0.0609736 0.0746545 0.0892308 0.101738 0.110293 0.11484 0.117018 0.119335 0.124103 0.132577 0.144608 0.158824 0.173218 0.185843 0.195392 0.201503 0.204744 0.20635 0.207831 0.210582 0.215581 0.22324 0.233404 0.245465 0.258539 0.271663 0.283961 0.294765 0.303669 0.310539 0.315475 0.31875 0.320741 0.321864 0.322521 0.323055 0.323735 0.324742 0.326176 0.32806 0.330364 0.33301 0.335896 0.338905 0.341917 0.344817 0.347499 0.349871 0.351857 0.353396 0.354444 0.35497 0.354961 0.354416 0.353349 0.351791 0.349786 0.347395 0.344694 0.341774 0.338743 0.335713 0.332807 0.330141 0.327817 0.325912 0.324457 0.323429 0.322728 0.322172 0.321494 0.320349 0.318336 0.31504 0.310083 0.303192 0.294268 0.283444 0.271126 0.257983 0.244891 0.232812 0.222631 0.214956 0.209944 0.20718 0.205687 0.204072 0.200823 0.194706 0.185153 0.172527 0.158134 0.143921 0.131898 0.123432 0.118677 0.116376 0.114217 0.109693 0.101164 0.0886871 0.0741451 0.0605027 0.050413 0.0448167 0.0423084 0.0397615 0.0340471 0.0239762 0.0112982 0 
0 0.0138105 0.0259324 0.0337133 0.0374767 0.0400535 0.0449312 0.0542352 0.0676634 0.082807 0.0965038 0.106414 0.112035 0.114773 0.117182 0.121812 0.1302 0.142388 0.157043 0.172058 0.185322 0.195392 0.20185 0.205309 0.207125 0.208948 0.212279 0.218133 0.226876 0.238235 0.251444 0.265464 0.27921 0.291742 0.302394 0.310824 0.317006 0.321176 0.323743 0.325209 0.326086 0.326834 0.327824 0.329316 0.331459 0.334297 0.337795 0.341853 0.346332 0.351073 0.35591 0.360685 0.365253 0.36949 0.373291 0.37657 0.379262 0.381319 0.382704 0.383397 0.383388 0.382675 0.38127 0.379194 0.376482 0.373183 0.369362 0.365105 0.360516 0.35572 0.350862 0.346101 0.3416 0.33752 0.334001 0.33114 0.328976 0.327461 0.326449 0.325678 0.324779 0.323291 0.320702 0.316511 0.310306 0.301856 0.291183 0.278631 0.264866 0.250828 0.237602 0.226227 0.217469 0.211601 0.208258 0.206425 0.204602 0.201137 0.194675 0.184603 0.17134 0.156329 0.14168 0.129502 0.121127 0.116514 0.114125 0.11141 0.105817 0.0959381 0.0822769 0.0671733 0.0537895 0.0445345 0.0397106 0.0371923 0.0334924 0.02578 0.0137317 0 
0 0.0148425 0.0254179 0.0311181 0.0342546 0.0385327 0.0468429 0.0597151 0.0752032 0.0900733 0.101516 0.108466 0.111959 0.114502 0.118875 0.126967 0.139108 0.154085 0.169727 0.18375 0.194519 0.201503 0.205309 0.207383 0.209514 0.213327 0.219897 0.229567 0.241965 0.256182 0.271029 0.285303 0.298006 0.30848 0.316457 0.322031 0.325576 0.327647 0.328864 0.329827 0.331046 0.332898 0.335616 0.339295 0.343913 0.349354 0.355446 0.36198 0.368739 0.375514 0.382117 0.388384 0.394183 0.39941 0.403988 0.407859 0.410987 0.413347 0.414923 0.415708 0.415698 0.414893 0.413296 0.410916 0.407768 0.403875 0.399277 0.394029 0.388208 0.38192 0.375296 0.368499 0.361717 0.355161 0.349047 0.343582 0.338942 0.335239 0.332498 0.330623 0.329382 0.328395 0.327155 0.325062 0.321494 0.315899 0.3079 0.297405 0.284682 0.270389 0.255525 0.241291 0.228878 0.219194 0.212612 0.208789 0.206649 0.204569 0.200759 0.193773 0.183004 0.168986 0.15335 0.138383 0.126256 0.118181 0.113829 0.11131 0.107846 0.100928 0.089523 0.0746944 0.0592524 0.0464311 0.0381767 0.0339593 0.0308887 0.0252596 0.0147607 0 
0 0.0143547 0.0230051 0.0275296 0.031627 0.0389144 0.050926 0.0664429 0.0823644 0.0954638 0.104019 0.108533 0.111332 0.115384 0.122977 0.134835 0.149971 0.166211 0.181093 0.192747 0.200451 0.204744 0.207125 0.209514 0.213682 0.220798 0.231218 0.244499 0.259605 0.275201 0.289968 0.302847 0.313188 0.320795 0.325885 0.328977 0.330766 0.331992 0.333333 0.335334 0.338362 0.342606 0.348092 0.354711 0.362259 0.370481 0.379098 0.387836 0.39645 0.404727 0.412501 0.419643 0.426065 0.431711 0.436548 0.440566 0.443764 0.446147 0.447726 0.448509 0.448498 0.447695 0.446095 0.44369 0.440471 0.436432 0.431573 0.425905 0.419461 0.412297 0.404501 0.396201 0.387564 0.378803 0.370163 0.361917 0.354345 0.347702 0.342193 0.337924 0.334872 0.332848 0.331483 0.330233 0.328421 0.325307 0.320195 0.312566 0.302205 0.289306 0.274521 0.258907 0.243786 0.23049 0.220057 0.21293 0.208754 0.206358 0.203973 0.199679 0.191975 0.180325 0.16545 0.149221 0.134099 0.122258 0.114687 0.11066 0.107891 0.10341 0.0948938 0.0818374 0.0659637 0.0504994 0.0385456 0.0313211 0.027292 0.0228411 0.0142699 0 
0 0.0126401 0.0195741 0.0241672 0.030592 0.0414819 0.0566252 0.0733391 0.088121 0.0985455 0.104414 0.107691 0.111437 0.118355 0.129671 0.144746 0.161496 0.177305 0.190021 0.198657 0.2036 0.20635 0.208948 0.213327 0.220798 0.231774 0.24578 0.261671 0.277977 0.293254 0.306369 0.316673 0.324035 0.328789 0.331598 0.333298 0.334744 0.336684 0.339688 0.3441 0.350051 0.357479 0.366177 0.375845 0.386138 0.396706 0.407224 0.417415 0.427055 0.435983 0.44409 0.451314 0.457632 0.463051 0.467594 0.471296 0.474196 0.476331 0.477732 0.478421 0.478411 0.477699 0.476277 0.47412 0.471198 0.467473 0.462908 0.457467 0.451126 0.443879 0.43575 0.426798 0.417134 0.406919 0.396377 0.385785 0.375467 0.365774 0.357051 0.349599 0.343623 0.339186 0.336158 0.334193 0.332724 0.331001 0.328169 0.323392 0.316009 0.305685 0.29255 0.277256 0.260934 0.245028 0.231009 0.220021 0.212541 0.208155 0.205553 0.202801 0.197859 0.189228 0.176519 0.16072 0.143985 0.128928 0.117635 0.110742 0.107027 0.103785 0.0979562 0.0875761 0.0728437 0.0561842 0.0411006 0.0302758 0.0239215 0.0194047 0.0125524 0 
0 0.0102672 0.0161747 0.0220864 0.0316753 0.0459701 0.0630508 0.0793836 0.0918751 0.0994723 0.10356 0.107124 0.113252 0.123753 0.138487 0.155583 0.172327 0.186264 0.196055 0.201845 0.205059 0.207831 0.212279 0.219897 0.231218 0.24578 0.262362 0.279362 0.295203 0.308663 0.319066 0.326334 0.330907 0.333588 0.335351 0.337162 0.339842 0.343975 0.349875 0.357599 0.366988 0.377729 0.389415 0.401611 0.413894 0.425894 0.43731 0.447919 0.457573 0.466195 0.473762 0.480294 0.48584 0.490469 0.494256 0.497276 0.499599 0.501284 0.502377 0.50291 0.502899 0.502343 0.501228 0.499521 0.497175 0.494132 0.490322 0.48567 0.4801 0.473545 0.465954 0.457308 0.447629 0.436996 0.425555 0.413529 0.401221 0.389 0.377288 0.366522 0.357107 0.349357 0.343432 0.339274 0.33657 0.334734 0.332948 0.330244 0.325649 0.31836 0.307937 0.294459 0.278601 0.261586 0.24499 0.230417 0.219086 0.211461 0.207009 0.204235 0.201022 0.195237 0.185453 0.171528 0.154797 0.13772 0.123009 0.112535 0.106439 0.102911 0.0988642 0.0913128 0.0788723 0.0625957 0.0455767 0.031349 0.0218329 0.0159998 0.0101767 0 
0 0.00790127 0.0137482 0.0219495 0.034871 0.0517049 0.0692348 0.0838463 0.0935359 0.098864 0.102508 0.107828 0.117263 0.131318 0.148502 0.166108 0.181377 0.192553 0.199423 0.203246 0.206197 0.210582 0.218133 0.229567 0.244499 0.261671 0.279362 0.295849 0.309792 0.320463 0.327806 0.332352 0.335033 0.336962 0.339221 0.342698 0.347995 0.35539 0.364862 0.376146 0.388813 0.402347 0.416217 0.429934 0.443085 0.455354 0.466527 0.476484 0.485188 0.492663 0.498979 0.504237 0.50855 0.512034 0.5148 0.516948 0.518561 0.519709 0.520442 0.520795 0.520783 0.520408 0.519652 0.518481 0.516844 0.514673 0.511883 0.508375 0.504038 0.498756 0.492415 0.484915 0.476186 0.466203 0.455005 0.44271 0.429533 0.41579 0.401893 0.388333 0.37564 0.36433 0.354832 0.347411 0.342088 0.338586 0.336303 0.334351 0.331647 0.327079 0.319716 0.309026 0.295066 0.278563 0.260858 0.243674 0.228732 0.217291 0.209735 0.205348 0.202399 0.19858 0.191718 0.180553 0.165299 0.147713 0.130552 0.116525 0.107122 0.101839 0.0982376 0.0929568 0.0833196 0.068766 0.0512996 0.0345349 0.0216884 0.013568 0.00780811 0 
0 0.00613495 0.0129268 0.0239302 0.0397185 0.0578112 0.0743566 0.0864052 0.093463 0.097597 0.102233 0.110414 0.12342 0.140336 0.158613 0.175254 0.188026 0.196247 0.200886 0.204078 0.208307 0.215581 0.226876 0.241965 0.259605 0.277977 0.295203 0.309792 0.320922 0.328524 0.333193 0.335981 0.338134 0.340856 0.345114 0.351531 0.360352 0.371477 0.38453 0.398963 0.414145 0.429451 0.444324 0.458314 0.471098 0.482482 0.492383 0.500813 0.507852 0.513628 0.518292 0.522005 0.524921 0.527181 0.528907 0.530202 0.531145 0.5318 0.53221 0.532402 0.53239 0.532174 0.531741 0.531062 0.530095 0.528776 0.527025 0.524741 0.5218 0.518063 0.513373 0.507572 0.500506 0.492051 0.482123 0.470713 0.457901 0.443884 0.428985 0.413652 0.398443 0.383983 0.370902 0.359752 0.350904 0.344461 0.340179 0.337433 0.335256 0.332446 0.327756 0.320134 0.308987 0.294381 0.277141 0.258756 0.241106 0.22601 0.21471 0.207434 0.203207 0.200019 0.195388 0.187179 0.174422 0.157802 0.139548 0.122661 0.109688 0.101546 0.0969529 0.0928674 0.0858636 0.0738745 0.0573944 0.0393728 0.0236617 0.0127415 0.00603914 0 
0 0.00536816 0.0139403 0.0277467 0.0454652 0.0634266 0.0778914 0.0871499 0.0923186 0.0965769 0.103438 0.115035 0.131232 0.149858 0.167793 0.182325 0.19219 0.197922 0.201501 0.205539 0.212347 0.22324 0.238235 0.256182 0.275201 0.293254 0.308663 0.320463 0.328524 0.33347 0.336451 0.338849 0.341996 0.346953 0.354379 0.364496 0.377129 0.391794 0.407819 0.424455 0.440981 0.456772 0.471347 0.484383 0.49571 0.505295 0.513207 0.519591 0.524636 0.52855 0.531537 0.533786 0.535463 0.536704 0.537616 0.53828 0.538754 0.539079 0.539279 0.53937 0.539358 0.539243 0.539018 0.538669 0.53817 0.537481 0.536545 0.535279 0.533576 0.531301 0.528288 0.524348 0.519277 0.512865 0.504926 0.495315 0.48396 0.470896 0.456294 0.440475 0.423921 0.407257 0.391205 0.376512 0.363853 0.353709 0.346258 0.341276 0.338105 0.335684 0.332682 0.327715 0.319636 0.307819 0.292395 0.27433 0.2553 0.237346 0.222346 0.211451 0.204644 0.200611 0.19704 0.19132 0.181471 0.166959 0.14905 0.130453 0.11429 0.102732 0.0959155 0.091707 0.0865938 0.0773964 0.0629986 0.0451102 0.0274709 0.01375 0.00526976 0 
0 0.00575457 0.0166298 0.0327863 0.0512611 0.0678693 0.0796661 0.0864951 0.0908838 0.0965489 0.106452 0.121424 0.139929 0.158927 0.175286 0.187081 0.19425 0.198463 0.202364 0.208566 0.21879 0.233404 0.251444 0.271029 0.289968 0.306369 0.319066 0.327806 0.333193 0.336451 0.33909 0.342583 0.348104 0.356374 0.36761 0.381573 0.397677 0.415124 0.433048 0.450624 0.467161 0.482144 0.495255 0.50636 0.515478 0.522748 0.528386 0.532649 0.535801 0.538093 0.539746 0.540942 0.541822 0.542488 0.543007 0.54342 0.543746 0.543991 0.544154 0.54423 0.544217 0.544116 0.543929 0.543659 0.543308 0.54287 0.542325 0.541633 0.540727 0.539504 0.537825 0.535506 0.532327 0.528037 0.522371 0.515072 0.505926 0.494793 0.481654 0.466642 0.450077 0.432472 0.41452 0.397045 0.380914 0.366924 0.355662 0.347366 0.34182 0.338304 0.335643 0.332365 0.326958 0.318201 0.305489 0.289075 0.270125 0.250533 0.232488 0.217872 0.207649 0.201451 0.197559 0.193358 0.186205 0.174431 0.158098 0.13913 0.12066 0.105729 0.0958707 0.0902567 0.0859248 0.0791585 0.0674304 0.0508971 0.0325035 0.0164346 0.00565367 0 
0 0.00721101 0.020539 0.0382751 0.0563346 0.0707358 0.0798316 0.0850456 0.0898875 0.0979798 0.111227 0.129012 0.148655 0.166757 0.180711 0.189708 0.194911 0.19885 0.204389 0.213701 0.227612 0.245465 0.265464 0.285303 0.302847 0.316673 0.326334 0.332352 0.335981 0.338849 0.342583 0.348496 0.357401 0.369539 0.38463 0.401994 0.420713 0.439794 0.458308 0.475488 0.490788 0.503893 0.514706 0.523311 0.529921 0.534832 0.538372 0.540871 0.542625 0.543885 0.544846 0.545645 0.546371 0.547065 0.547735 0.548367 0.548929 0.549389 0.549712 0.549874 0.549861 0.549674 0.549325 0.54884 0.548252 0.547594 0.546898 0.546178 0.545425 0.544599 0.543611 0.542323 0.540541 0.538015 0.534445 0.529506 0.522867 0.514234 0.503391 0.490257 0.474928 0.457718 0.439175 0.420066 0.401319 0.383928 0.36881 0.356646 0.347716 0.341778 0.338022 0.335132 0.331484 0.325448 0.315772 0.301933 0.284377 0.264531 0.244527 0.226672 0.212762 0.203455 0.197924 0.193998 0.188812 0.179836 0.165908 0.147837 0.12823 0.110486 0.0972853 0.0892453 0.0844616 0.0793118 0.0702864 0.0559618 0.0379855 0.0203392 0.00710767 0 
0 0.00947294 0.0250482 0.043444 0.0601172 0.0719253 0.0787787 0.0834529 0.0898817 0.101018 0.117408 0.137081 0.156635 0.172853 0.184066 0.190717 0.195015 0.199958 0.208175 0.221048 0.238366 0.258539 0.27921 0.298006 0.313188 0.324035 0.330907 0.335033 0.338134 0.341996 0.348104 0.357401 0.370193 0.386187 0.404628 0.424482 0.44463 0.464027 0.481822 0.497428 0.51053 0.521071 0.5292 0.535214 0.539494 0.542451 0.544482 0.545932 0.547084 0.548142 0.549237 0.550434 0.551742 0.553127 0.554527 0.555863 0.557053 0.558019 0.558698 0.559043 0.55903 0.558659 0.557954 0.556961 0.555745 0.554383 0.552956 0.551544 0.550209 0.548985 0.547861 0.546775 0.545596 0.544116 0.542057 0.53907 0.53476 0.528717 0.520558 0.509987 0.496855 0.48122 0.463395 0.443969 0.423793 0.403909 0.385441 0.36942 0.356603 0.347282 0.34115 0.337267 0.334146 0.330002 0.323114 0.312253 0.29706 0.278256 0.25758 0.237404 0.220087 0.207219 0.199011 0.194081 0.1898 0.183171 0.171985 0.155798 0.136281 0.11665 0.100308 0.089225 0.0828557 0.0782471 0.0714656 0.0597359 0.0431478 0.0248438 0.00936725 0 
0 0.0121733 0.0295099 0.0476613 0.0623058 0.071603 0.0770282 0.0822942 0.0911767 0.105525 0.124446 0.14491 0.163295 0.17704 0.185663 0.190797 0.195377 0.202427 0.213951 0.230328 0.250332 0.271663 0.291742 0.30848 0.320795 0.328789 0.333588 0.336962 0.340856 0.346953 0.356374 0.369539 0.386187 0.405512 0.426379 0.447535 0.46781 0.486256 0.502228 0.515405 0.525762 0.533517 0.539054 0.542847 0.545397 0.547175 0.548584 0.549937 0.55145 0.553247 0.555364 0.557771 0.560386 0.563092 0.565752 0.568229 0.570388 0.572114 0.573314 0.573924 0.573911 0.573274 0.572047 0.570295 0.568109 0.565605 0.562917 0.560184 0.557542 0.555106 0.552961 0.551136 0.549593 0.548211 0.546773 0.544965 0.542384 0.53856 0.532994 0.525208 0.51482 0.501613 0.485611 0.467135 0.446831 0.425646 0.404751 0.385398 0.368725 0.355534 0.346089 0.33997 0.336056 0.332663 0.327848 0.319841 0.307514 0.290768 0.270683 0.24935 0.229347 0.212975 0.20146 0.194424 0.189861 0.184749 0.176153 0.16244 0.144093 0.123672 0.1048 0.0905059 0.0816842 0.0764852 0.0711334 0.0619163 0.0473588 0.0293011 0.0120654 0 
0 0.0149233 0.0333627 0.0505122 0.0628645 0.0701253 0.0751226 0.0819917 0.0938335 0.111145 0.131724 0.151896 0.168318 0.179436 0.186021 0.190674 0.196655 0.206597 0.221603 0.240991 0.262678 0.283961 0.302394 0.316457 0.325885 0.331598 0.335351 0.339221 0.345114 0.354379 0.36761 0.38463 0.404628 0.426379 0.448503 0.469691 0.488876 0.505337 0.518727 0.529045 0.536572 0.541781 0.545248 0.54757 0.549303 0.550912 0.552751 0.55505 0.557923 0.56138 0.565348 0.569692 0.574234 0.578779 0.583123 0.587074 0.590456 0.593124 0.594963 0.595896 0.595882 0.594923 0.593056 0.590361 0.586951 0.582973 0.578601 0.574029 0.569458 0.565085 0.561088 0.557602 0.554699 0.55237 0.550501 0.548861 0.547098 0.544745 0.541247 0.536007 0.528449 0.5181 0.504679 0.488188 0.468973 0.447756 0.425603 0.403823 0.383799 0.366753 0.353498 0.34421 0.338297 0.334408 0.330639 0.324911 0.315472 0.3014 0.282962 0.261676 0.23999 0.220607 0.20561 0.195682 0.189719 0.185089 0.178531 0.167446 0.151063 0.130934 0.110405 0.0931491 0.0813692 0.0745685 0.0696463 0.0624672 0.0502035 0.0331497 0.0148132 0 
0 0.017379 0.0362043 0.0518245 0.0619822 0.0679506 0.0735388 0.0827766 0.0977018 0.117406 0.138661 0.157624 0.171648 0.180382 0.185751 0.19099 0.199273 0.212507 0.230751 0.252343 0.274602 0.294765 0.310824 0.322031 0.328977 0.333298 0.337162 0.342698 0.351531 0.364496 0.381573 0.401994 0.424482 0.447535 0.469691 0.489742 0.506863 0.520655 0.531122 0.538598 0.543643 0.546938 0.549189 0.551045 0.553046 0.555593 0.558936 0.563185 0.568325 0.574237 0.580733 0.587573 0.594497 0.601236 0.607536 0.613162 0.617911 0.621618 0.624156 0.62544 0.625426 0.624115 0.621549 0.617815 0.613037 0.607383 0.601056 0.594287 0.587335 0.580465 0.57394 0.567998 0.562828 0.558549 0.555174 0.552596 0.550564 0.548677 0.546394 0.543067 0.53799 0.530483 0.519985 0.506162 0.48901 0.468929 0.446744 0.423663 0.401147 0.3807 0.363599 0.35061 0.341757 0.336201 0.332321 0.327985 0.321027 0.309811 0.293746 0.273581 0.251323 0.229736 0.211502 0.198281 0.190017 0.1848 0.17946 0.170759 0.156774 0.137856 0.116651 0.0970043 0.0821422 0.0729741 0.0674623 0.0615773 0.0515099 0.0359871 0.0172667 0 
0 0.0192851 0.0378221 0.0516494 0.0600031 0.0655535 0.0726327 0.0846937 0.102483 0.123805 0.144796 0.161889 0.173444 0.180347 0.185442 0.192225 0.203406 0.219947 0.240853 0.263676 0.285449 0.303669 0.317006 0.325576 0.330766 0.334744 0.339842 0.347995 0.360352 0.377129 0.397677 0.420713 0.44463 0.46781 0.488876 0.506863 0.521286 0.532127 0.539752 0.544804 0.548069 0.550369 0.552459 0.554968 0.558357 0.562907 0.568728 0.575783 0.583912 0.59287 0.602357 0.612044 0.621598 0.630701 0.639061 0.646421 0.652566 0.657322 0.660559 0.662192 0.662178 0.660517 0.657252 0.652468 0.646295 0.638906 0.630517 0.621385 0.611802 0.602085 0.592568 0.583579 0.575419 0.568334 0.562481 0.5579 0.554479 0.551938 0.549815 0.547483 0.544185 0.539102 0.531445 0.520573 0.506118 0.488101 0.467005 0.443796 0.419851 0.396788 0.376216 0.359415 0.347037 0.338864 0.333748 0.329756 0.324554 0.315975 0.302632 0.28441 0.262638 0.23982 0.218923 0.202396 0.191234 0.184475 0.179408 0.17254 0.161024 0.143976 0.123037 0.101773 0.0840478 0.0720578 0.0650564 0.0595908 0.051329 0.0376011 0.0191708 0 
