
4.79923e-31 0.043946 0.168059 0.350522 0.55926 0.757582 0.910625 0.991487 0.985953 0.894997 0.734606 0.532976 0.325549 0.148788 0.0337639 0.000696795 0.0553991 0.188255 0.375911 0.585379 0.77984 0.925109 0.99565 0.979065 0.878267 0.710977 0.5066 0.301063 0.130496 0.0248813 0.00278524 0.0680915 0.20932 0.401646 0.61126 0.801317 0.938407 0.998433 0.970841 0.860484 0.686759 0.480205 0.277131 0.113233 0.017323 0.00625951 0.0819876 0.231196 0.427655 0.636831 0.821955 0.950484 0.999826 0.961306 0.841696 0.662021 0.453866 0.25382 0.0970489 0.0111099 0.0111099 0.0970489 0.25382 0.453866 0.662021 0.841696 0.961306 0.999826 0.950484 0.821955 0.636831 0.427655 0.231196 0.0819876 0.00625951 0.017323 0.113233 0.277131 0.480205 0.686759 0.860484 0.970841 0.998433 0.938407 0.801317 0.61126 0.401646 0.20932 0.0680915 0.00278524 0.0248813 0.130496 0.301063 0.5066 0.710977 0.878267 0.979065 0.99565 0.925109 0.77984 0.585379 0.375911 0.188255 0.0553991 0.000696795 0.0337639 0.148788 0.325549 0.532976 0.734606 0.894997 0.985953 0.991487 0.910625 0.757582 0.55926 0.350522 0.168059 0.043946 4.79923e-31 
0.043946 0.0878919 0.212005 0.394468 0.603206 0.801528 0.954571 1.03543 1.0299 0.938943 0.778552 0.576922 0.369495 0.192734 0.0777098 0.0446427 0.0993451 0.232201 0.419857 0.629325 0.823786 0.969055 1.0396 1.02301 0.922213 0.754923 0.550546 0.345009 0.174441 0.0688273 0.0467312 0.112037 0.253266 0.445592 0.655206 0.845263 0.982353 1.04238 1.01479 0.90443 0.730705 0.524151 0.321077 0.157179 0.0612689 0.0502055 0.125934 0.275142 0.471601 0.680777 0.865901 0.99443 1.04377 1.00525 0.885642 0.705967 0.497812 0.297766 0.140995 0.0550559 0.0550559 0.140995 0.297766 0.497812 0.705967 0.885642 1.00525 1.04377 0.99443 0.865901 0.680777 0.471601 0.275142 0.125934 0.0502055 0.0612689 0.157179 0.321077 0.524151 0.730705 0.90443 1.01479 1.04238 0.982353 0.845263 0.655206 0.445592 0.253266 0.112037 0.0467312 0.0688273 0.174441 0.345009 0.550546 0.754923 0.922213 1.02301 1.0396 0.969055 0.823786 0.629325 0.419857 0.232201 0.0993451 0.0446427 0.0777098 0.192734 0.369495 0.576922 0.778552 0.938943 1.0299 1.03543 0.954571 0.801528 0.603206 0.394468 0.212005 0.0878919 0.043946 
0.168059 0.212005 0.336118 0.51858 0.727319 0.925641 1.07868 1.15955 1.15401 1.06306 0.902665 0.701035 0.493608 0.316847 0.201823 0.168756 0.223458 0.356314 0.54397 0.753438 0.947898 1.09317 1.16371 1.14712 1.04633 0.879036 0.674659 0.469122 0.298554 0.19294 0.170844 0.23615 0.377379 0.569705 0.779319 0.969376 1.10647 1.16649 1.1389 1.02854 0.854818 0.648264 0.44519 0.281292 0.185382 0.174318 0.250046 0.399254 0.595714 0.80489 0.990014 1.11854 1.16788 1.12936 1.00975 0.83008 0.621925 0.421879 0.265108 0.179169 0.179169 0.265108 0.421879 0.621925 0.83008 1.00975 1.12936 1.16788 1.11854 0.990014 0.80489 0.595714 0.399254 0.250046 0.174318 0.185382 0.281292 0.44519 0.648264 0.854818 1.02854 1.1389 1.16649 1.10647 0.969376 0.779319 0.569705 0.377379 0.23615 0.170844 0.19294 0.298554 0.469122 0.674659 0.879036 1.04633 1.14712 1.16371 1.09317 0.947898 0.753438 0.54397 0.356314 0.223458 0.168756 0.201823 0.316847 0.493608 0.701035 0.902665 1.06306 1.15401 1.15955 1.07868 0.925641 0.727319 0.51858 0.336118 0.212005 0.168059 
0.350522 0.394468 0.51858 0.701043 0.909782 1.1081 1.26115 1.34201 1.33647 1.24552 1.08513 0.883498 0.676071 0.499309 0.384285 0.351218 0.405921 0.538777 0.726432 0.935901 1.13036 1.27563 1.34617 1.32959 1.22879 1.0615 0.857121 0.651584 0.481017 0.375403 0.353307 0.418613 0.559842 0.752167 0.961782 1.15184 1.28893 1.34895 1.32136 1.21101 1.03728 0.830727 0.627652 0.463755 0.367845 0.356781 0.432509 0.581717 0.778177 0.987353 1.17248 1.30101 1.35035 1.31183 1.19222 1.01254 0.804387 0.604342 0.44757 0.361632 0.361632 0.44757 0.604342 0.804387 1.01254 1.19222 1.31183 1.35035 1.30101 1.17248 0.987353 0.778177 0.581717 0.432509 0.356781 0.367845 0.463755 0.627652 0.830727 1.03728 1.21101 1.32136 1.34895 1.28893 1.15184 0.961782 0.752167 0.559842 0.418613 0.353307 0.375403 0.481017 0.651584 0.857121 1.0615 1.22879 1.32959 1.34617 1.27563 1.13036 0.935901 0.726432 0.538777 0.405921 0.351218 0.384285 0.499309 0.676071 0.883498 1.08513 1.24552 1.33647 1.34201 1.26115 1.1081 0.909782 0.701043 0.51858 0.394468 0.350522 
0.55926 0.603206 0.727319 0.909782 1.11852 1.31684 1.46989 1.55075 1.54521 1.45426 1.29387 1.09224 0.884809 0.708048 0.593024 0.559957 0.614659 0.747515 0.935171 1.14464 1.3391 1.48437 1.55491 1.53833 1.43753 1.27024 1.06586 0.860323 0.689756 0.584142 0.562045 0.627352 0.76858 0.960906 1.17052 1.36058 1.49767 1.55769 1.5301 1.41974 1.24602 1.03947 0.836391 0.672493 0.576583 0.56552 0.641248 0.790456 0.986915 1.19609 1.38122 1.50974 1.55909 1.52057 1.40096 1.22128 1.01313 0.81308 0.656309 0.57037 0.57037 0.656309 0.81308 1.01313 1.22128 1.40096 1.52057 1.55909 1.50974 1.38122 1.19609 0.986915 0.790456 0.641248 0.56552 0.576583 0.672493 0.836391 1.03947 1.24602 1.41974 1.5301 1.55769 1.49767 1.36058 1.17052 0.960906 0.76858 0.627352 0.562045 0.584142 0.689756 0.860323 1.06586 1.27024 1.43753 1.53833 1.55491 1.48437 1.3391 1.14464 0.935171 0.747515 0.614659 0.559957 0.593024 0.708048 0.884809 1.09224 1.29387 1.45426 1.54521 1.55075 1.46989 1.31684 1.11852 0.909782 0.727319 0.603206 0.55926 
0.757582 0.801528 0.925641 1.1081 1.31684 1.51516 1.66821 1.74907 1.74353 1.65258 1.49219 1.29056 1.08313 0.90637 0.791346 0.758279 0.812981 0.945837 1.13349 1.34296 1.53742 1.68269 1.75323 1.73665 1.63585 1.46856 1.26418 1.05864 0.888077 0.782463 0.760367 0.825673 0.966902 1.15923 1.36884 1.5589 1.69599 1.75601 1.72842 1.61807 1.44434 1.23779 1.03471 0.870815 0.774905 0.763841 0.83957 0.988777 1.18524 1.39441 1.57954 1.70807 1.75741 1.71889 1.59928 1.4196 1.21145 1.0114 0.854631 0.768692 0.768692 0.854631 1.0114 1.21145 1.4196 1.59928 1.71889 1.75741 1.70807 1.57954 1.39441 1.18524 0.988777 0.83957 0.763841 0.774905 0.870815 1.03471 1.23779 1.44434 1.61807 1.72842 1.75601 1.69599 1.5589 1.36884 1.15923 0.966902 0.825673 0.760367 0.782463 0.888077 1.05864 1.26418 1.46856 1.63585 1.73665 1.75323 1.68269 1.53742 1.34296 1.13349 0.945837 0.812981 0.758279 0.791346 0.90637 1.08313 1.29056 1.49219 1.65258 1.74353 1.74907 1.66821 1.51516 1.31684 1.1081 0.925641 0.801528 0.757582 
0.910625 0.954571 1.07868 1.26115 1.46989 1.66821 1.82125 1.90211 1.89658 1.80562 1.64523 1.4436 1.23617 1.05941 0.944389 0.911322 0.966024 1.09888 1.28654 1.496 1.69046 1.83573 1.90628 1.88969 1.78889 1.6216 1.41722 1.21169 1.04112 0.935506 0.91341 0.978716 1.11995 1.31227 1.52189 1.71194 1.84903 1.90906 1.88147 1.77111 1.59738 1.39083 1.18776 1.02386 0.927948 0.916884 0.992612 1.14182 1.33828 1.54746 1.73258 1.86111 1.91045 1.87193 1.75232 1.57265 1.36449 1.16444 1.00767 0.921735 0.921735 1.00767 1.16444 1.36449 1.57265 1.75232 1.87193 1.91045 1.86111 1.73258 1.54746 1.33828 1.14182 0.992612 0.916884 0.927948 1.02386 1.18776 1.39083 1.59738 1.77111 1.88147 1.90906 1.84903 1.71194 1.52189 1.31227 1.11995 0.978716 0.91341 0.935506 1.04112 1.21169 1.41722 1.6216 1.78889 1.88969 1.90628 1.83573 1.69046 1.496 1.28654 1.09888 0.966024 0.911322 0.944389 1.05941 1.23617 1.4436 1.64523 1.80562 1.89658 1.90211 1.82125 1.66821 1.46989 1.26115 1.07868 0.954571 0.910625 
0.991487 1.03543 1.15955 1.34201 1.55075 1.74907 1.90211 1.98297 1.97744 1.88648 1.72609 1.52446 1.31704 1.14027 1.02525 0.992183 1.04689 1.17974 1.3674 1.57687 1.77133 1.9166 1.98714 1.97055 1.86975 1.70246 1.49809 1.29255 1.12198 1.01637 0.994272 1.05958 1.20081 1.39313 1.60275 1.7928 1.92989 1.98992 1.96233 1.85197 1.67825 1.47169 1.26862 1.10472 1.00881 0.997746 1.07347 1.22268 1.41914 1.62832 1.81344 1.94197 1.99131 1.95279 1.83318 1.65351 1.44535 1.24531 1.08854 1.0026 1.0026 1.08854 1.24531 1.44535 1.65351 1.83318 1.95279 1.99131 1.94197 1.81344 1.62832 1.41914 1.22268 1.07347 0.997746 1.00881 1.10472 1.26862 1.47169 1.67825 1.85197 1.96233 1.98992 1.92989 1.7928 1.60275 1.39313 1.20081 1.05958 0.994272 1.01637 1.12198 1.29255 1.49809 1.70246 1.86975 1.97055 1.98714 1.9166 1.77133 1.57687 1.3674 1.17974 1.04689 0.992183 1.02525 1.14027 1.31704 1.52446 1.72609 1.88648 1.97744 1.98297 1.90211 1.74907 1.55075 1.34201 1.15955 1.03543 0.991487 
0.985953 1.0299 1.15401 1.33647 1.54521 1.74353 1.89658 1.97744 1.97191 1.88095 1.72056 1.51893 1.3115 1.13474 1.01972 0.98665 1.04135 1.17421 1.36186 1.57133 1.76579 1.91106 1.9816 1.96502 1.86422 1.69693 1.49255 1.28702 1.11645 1.01083 0.988738 1.05404 1.19527 1.3876 1.59721 1.78727 1.92436 1.98439 1.95679 1.84644 1.67271 1.46616 1.26308 1.09919 1.00328 0.992212 1.06794 1.21715 1.41361 1.62278 1.80791 1.93644 1.98578 1.94726 1.82765 1.64797 1.43982 1.23977 1.083 0.997063 0.997063 1.083 1.23977 1.43982 1.64797 1.82765 1.94726 1.98578 1.93644 1.80791 1.62278 1.41361 1.21715 1.06794 0.992212 1.00328 1.09919 1.26308 1.46616 1.67271 1.84644 1.95679 1.98439 1.92436 1.78727 1.59721 1.3876 1.19527 1.05404 0.988738 1.01083 1.11645 1.28702 1.49255 1.69693 1.86422 1.96502 1.9816 1.91106 1.76579 1.57133 1.36186 1.17421 1.04135 0.98665 1.01972 1.13474 1.3115 1.51893 1.72056 1.88095 1.97191 1.97744 1.89658 1.74353 1.54521 1.33647 1.15401 1.0299 0.985953 
0.894997 0.938943 1.06306 1.24552 1.45426 1.65258 1.80562 1.88648 1.88095 1.78999 1.6296 1.42797 1.22055 1.04378 0.92876 0.895693 0.950396 1.08325 1.27091 1.48038 1.67484 1.82011 1.89065 1.87406 1.77326 1.60597 1.4016 1.19606 1.02549 0.919878 0.897782 0.963088 1.10432 1.29664 1.50626 1.69631 1.8334 1.89343 1.86584 1.75548 1.58176 1.3752 1.17213 1.00823 0.91232 0.901256 0.976984 1.12619 1.32265 1.53183 1.71695 1.84548 1.89482 1.8563 1.73669 1.55702 1.34886 1.14882 0.992045 0.906107 0.906107 0.992045 1.14882 1.34886 1.55702 1.73669 1.8563 1.89482 1.84548 1.71695 1.53183 1.32265 1.12619 0.976984 0.901256 0.91232 1.00823 1.17213 1.3752 1.58176 1.75548 1.86584 1.89343 1.8334 1.69631 1.50626 1.29664 1.10432 0.963088 0.897782 0.919878 1.02549 1.19606 1.4016 1.60597 1.77326 1.87406 1.89065 1.82011 1.67484 1.48038 1.27091 1.08325 0.950396 0.895693 0.92876 1.04378 1.22055 1.42797 1.6296 1.78999 1.88095 1.88648 1.80562 1.65258 1.45426 1.24552 1.06306 0.938943 0.894997 
0.734606 0.778552 0.902665 1.08513 1.29387 1.49219 1.64523 1.72609 1.72056 1.6296 1.46921 1.26758 1.06016 0.883394 0.76837 0.735303 0.790005 0.922861 1.11052 1.31999 1.51445 1.65971 1.73026 1.71367 1.61287 1.44558 1.24121 1.03567 0.865102 0.759488 0.737392 0.802698 0.943927 1.13625 1.34587 1.53592 1.67301 1.73304 1.70545 1.59509 1.42137 1.21481 1.01174 0.847839 0.751929 0.740866 0.816594 0.965802 1.16226 1.37144 1.55656 1.68509 1.73443 1.69591 1.5763 1.39663 1.18847 0.988426 0.831655 0.745716 0.745716 0.831655 0.988426 1.18847 1.39663 1.5763 1.69591 1.73443 1.68509 1.55656 1.37144 1.16226 0.965802 0.816594 0.740866 0.751929 0.847839 1.01174 1.21481 1.42137 1.59509 1.70545 1.73304 1.67301 1.53592 1.34587 1.13625 0.943927 0.802698 0.737392 0.759488 0.865102 1.03567 1.24121 1.44558 1.61287 1.71367 1.73026 1.65971 1.51445 1.31999 1.11052 0.922861 0.790005 0.735303 0.76837 0.883394 1.06016 1.26758 1.46921 1.6296 1.72056 1.72609 1.64523 1.49219 1.29387 1.08513 0.902665 0.778552 0.734606 
0.532976 0.576922 0.701035 0.883498 1.09224 1.29056 1.4436 1.52446 1.51893 1.42797 1.26758 1.06595 0.858525 0.681764 0.56674 0.533673 0.588375 0.721231 0.908887 1.11836 1.31282 1.45808 1.52863 1.51204 1.41124 1.24395 1.03958 0.834039 0.663472 0.557857 0.535761 0.601067 0.742296 0.934622 1.14424 1.33429 1.47138 1.53141 1.50382 1.39346 1.21974 1.01318 0.810107 0.646209 0.550299 0.539235 0.614964 0.764172 0.960631 1.16981 1.35493 1.48346 1.5328 1.49428 1.37467 1.195 0.986842 0.786796 0.630025 0.544086 0.544086 0.630025 0.786796 0.986842 1.195 1.37467 1.49428 1.5328 1.48346 1.35493 1.16981 0.960631 0.764172 0.614964 0.539235 0.550299 0.646209 0.810107 1.01318 1.21974 1.39346 1.50382 1.53141 1.47138 1.33429 1.14424 0.934622 0.742296 0.601067 0.535761 0.557857 0.663472 0.834039 1.03958 1.24395 1.41124 1.51204 1.52863 1.45808 1.31282 1.11836 0.908887 0.721231 0.588375 0.533673 0.56674 0.681764 0.858525 1.06595 1.26758 1.42797 1.51893 1.52446 1.4436 1.29056 1.09224 0.883498 0.701035 0.576922 0.532976 
0.325549 0.369495 0.493608 0.676071 0.884809 1.08313 1.23617 1.31704 1.3115 1.22055 1.06016 0.858525 0.651098 0.474337 0.359313 0.326246 0.380948 0.513804 0.70146 0.910928 1.10539 1.25066 1.3212 1.30461 1.20382 1.03653 0.832149 0.626612 0.456045 0.35043 0.328334 0.393641 0.534869 0.727195 0.936809 1.12687 1.26396 1.32398 1.29639 1.18603 1.01231 0.805754 0.60268 0.438782 0.342872 0.331809 0.407537 0.556745 0.753204 0.962381 1.1475 1.27603 1.32537 1.28685 1.16724 0.98757 0.779415 0.579369 0.422598 0.336659 0.336659 0.422598 0.579369 0.779415 0.98757 1.16724 1.28685 1.32537 1.27603 1.1475 0.962381 0.753204 0.556745 0.407537 0.331809 0.342872 0.438782 0.60268 0.805754 1.01231 1.18603 1.29639 1.32398 1.26396 1.12687 0.936809 0.727195 0.534869 0.393641 0.328334 0.35043 0.456045 0.626612 0.832149 1.03653 1.20382 1.30461 1.3212 1.25066 1.10539 0.910928 0.70146 0.513804 0.380948 0.326246 0.359313 0.474337 0.651098 0.858525 1.06016 1.22055 1.3115 1.31704 1.23617 1.08313 0.884809 0.676071 0.493608 0.369495 0.325549 
0.148788 0.192734 0.316847 0.499309 0.708048 0.90637 1.05941 1.14027 1.13474 1.04378 0.883394 0.681764 0.474337 0.297575 0.182552 0.149485 0.204187 0.337043 0.524699 0.734167 0.928627 1.0739 1.14444 1.12785 1.02706 0.859765 0.655388 0.44985 0.279283 0.173669 0.151573 0.216879 0.358108 0.550434 0.760048 0.950105 1.0872 1.14722 1.11963 1.00927 0.835547 0.628993 0.425919 0.262021 0.166111 0.155047 0.230775 0.379983 0.576443 0.785619 0.970743 1.09927 1.14861 1.11009 0.990484 0.810809 0.602654 0.402608 0.245837 0.159898 0.159898 0.245837 0.402608 0.602654 0.810809 0.990484 1.11009 1.14861 1.09927 0.970743 0.785619 0.576443 0.379983 0.230775 0.155047 0.166111 0.262021 0.425919 0.628993 0.835547 1.00927 1.11963 1.14722 1.0872 0.950105 0.760048 0.550434 0.358108 0.216879 0.151573 0.173669 0.279283 0.44985 0.655388 0.859765 1.02706 1.12785 1.14444 1.0739 0.928627 0.734167 0.524699 0.337043 0.204187 0.149485 0.182552 0.297575 0.474337 0.681764 0.883394 1.04378 1.13474 1.14027 1.05941 0.90637 0.708048 0.499309 0.316847 0.192734 0.148788 
0.0337639 0.0777098 0.201823 0.384285 0.593024 0.791346 0.944389 1.02525 1.01972 0.92876 0.76837 0.56674 0.359313 0.182552 0.0675278 0.0344607 0.089163 0.222019 0.409675 0.619143 0.813603 0.958872 1.02941 1.01283 0.912031 0.744741 0.540364 0.334827 0.164259 0.0586452 0.0365491 0.101855 0.243084 0.43541 0.645024 0.835081 0.972171 1.0322 1.00461 0.894248 0.720523 0.513969 0.310895 0.146997 0.0510868 0.0400234 0.115752 0.264959 0.461419 0.670595 0.855719 0.984248 1.03359 0.99507 0.87546 0.695785 0.48763 0.287584 0.130813 0.0448738 0.0448738 0.130813 0.287584 0.48763 0.695785 0.87546 0.99507 1.03359 0.984248 0.855719 0.670595 0.461419 0.264959 0.115752 0.0400234 0.0510868 0.146997 0.310895 0.513969 0.720523 0.894248 1.00461 1.0322 0.972171 0.835081 0.645024 0.43541 0.243084 0.101855 0.0365491 0.0586452 0.164259 0.334827 0.540364 0.744741 0.912031 1.01283 1.02941 0.958872 0.813603 0.619143 0.409675 0.222019 0.089163 0.0344607 0.0675278 0.182552 0.359313 0.56674 0.76837 0.92876 1.01972 1.02525 0.944389 0.791346 0.593024 0.384285 0.201823 0.0777098 0.0337639 
0.000696795 0.0446427 0.168756 0.351218 0.559957 0.758279 0.911322 0.992183 0.98665 0.895693 0.735303 0.533673 0.326246 0.149485 0.0344607 0.00139359 0.0560959 0.188952 0.376608 0.586076 0.780536 0.925805 0.996347 0.979762 0.878964 0.711674 0.507297 0.301759 0.131192 0.0255781 0.00348203 0.0687883 0.210017 0.402343 0.611957 0.802014 0.939104 0.999129 0.971538 0.861181 0.687456 0.480902 0.277828 0.11393 0.0180198 0.0069563 0.0826844 0.231892 0.428352 0.637528 0.822652 0.951181 1.00052 0.962003 0.842393 0.662718 0.454563 0.254517 0.0977457 0.0118067 0.0118067 0.0977457 0.254517 0.454563 0.662718 0.842393 0.962003 1.00052 0.951181 0.822652 0.637528 0.428352 0.231892 0.0826844 0.0069563 0.0180198 0.11393 0.277828 0.480902 0.687456 0.861181 0.971538 0.999129 0.939104 0.802014 0.611957 0.402343 0.210017 0.0687883 0.00348203 0.0255781 0.131192 0.301759 0.507297 0.711674 0.878964 0.979762 0.996347 0.925805 0.780536 0.586076 0.376608 0.188952 0.0560959 0.00139359 0.0344607 0.149485 0.326246 0.533673 0.735303 0.895693 0.98665 0.992183 0.911322 0.758279 0.559957 0.351218 0.168756 0.0446427 0.000696795 
0.0553991 0.0993451 0.223458 0.405921 0.614659 0.812981 0.966024 1.04689 1.04135 0.950396 0.790005 0.588375 0.380948 0.204187 0.089163 0.0560959 0.110798 0.243654 0.43131 0.640778 0.835239 0.980508 1.05105 1.03446 0.933667 0.766376 0.561999 0.356462 0.185895 0.0802804 0.0581844 0.123491 0.264719 0.457045 0.66666 0.856716 0.993807 1.05383 1.02624 0.915883 0.742158 0.535604 0.33253 0.168632 0.0727221 0.0616586 0.137387 0.286595 0.483054 0.692231 0.877354 1.00588 1.05522 1.0167 0.897095 0.71742 0.509265 0.309219 0.152448 0.066509 0.066509 0.152448 0.309219 0.509265 0.71742 0.897095 1.0167 1.05522 1.00588 0.877354 0.692231 0.483054 0.286595 0.137387 0.0616586 0.0727221 0.168632 0.33253 0.535604 0.742158 0.915883 1.02624 1.05383 0.993807 0.856716 0.66666 0.457045 0.264719 0.123491 0.0581844 0.0802804 0.185895 0.356462 0.561999 0.766376 0.933667 1.03446 1.05105 0.980508 0.835239 0.640778 0.43131 0.243654 0.110798 0.0560959 0.089163 0.204187 0.380948 0.588375 0.790005 0.950396 1.04135 1.04689 0.966024 0.812981 0.614659 0.405921 0.223458 0.0993451 0.0553991 
0.188255 0.232201 0.356314 0.538777 0.747515 0.945837 1.09888 1.17974 1.17421 1.08325 0.922861 0.721231 0.513804 0.337043 0.222019 0.188952 0.243654 0.37651 0.564166 0.773634 0.968095 1.11336 1.18391 1.16732 1.06652 0.899232 0.694855 0.489318 0.318751 0.213136 0.19104 0.256347 0.397575 0.589901 0.799516 0.989572 1.12666 1.18669 1.1591 1.04874 0.875014 0.66846 0.465386 0.301488 0.205578 0.194515 0.270243 0.419451 0.61591 0.825087 1.01021 1.13874 1.18808 1.14956 1.02995 0.850276 0.642121 0.442075 0.285304 0.199365 0.199365 0.285304 0.442075 0.642121 0.850276 1.02995 1.14956 1.18808 1.13874 1.01021 0.825087 0.61591 0.419451 0.270243 0.194515 0.205578 0.301488 0.465386 0.66846 0.875014 1.04874 1.1591 1.18669 1.12666 0.989572 0.799516 0.589901 0.397575 0.256347 0.19104 0.213136 0.318751 0.489318 0.694855 0.899232 1.06652 1.16732 1.18391 1.11336 0.968095 0.773634 0.564166 0.37651 0.243654 0.188952 0.222019 0.337043 0.513804 0.721231 0.922861 1.08325 1.17421 1.17974 1.09888 0.945837 0.747515 0.538777 0.356314 0.232201 0.188255 
0.375911 0.419857 0.54397 0.726432 0.935171 1.13349 1.28654 1.3674 1.36186 1.27091 1.11052 0.908887 0.70146 0.524699 0.409675 0.376608 0.43131 0.564166 0.751822 0.96129 1.15575 1.30102 1.37156 1.35498 1.25418 1.08689 0.882511 0.676973 0.506406 0.400792 0.378696 0.444002 0.585231 0.777557 0.987171 1.17723 1.31432 1.37434 1.34675 1.23639 1.06267 0.856116 0.653042 0.489144 0.393234 0.38217 0.457898 0.607106 0.803566 1.01274 1.19787 1.3264 1.37574 1.33722 1.21761 1.03793 0.829777 0.629731 0.47296 0.387021 0.387021 0.47296 0.629731 0.829777 1.03793 1.21761 1.33722 1.37574 1.3264 1.19787 1.01274 0.803566 0.607106 0.457898 0.38217 0.393234 0.489144 0.653042 0.856116 1.06267 1.23639 1.34675 1.37434 1.31432 1.17723 0.987171 0.777557 0.585231 0.444002 0.378696 0.400792 0.506406 0.676973 0.882511 1.08689 1.25418 1.35498 1.37156 1.30102 1.15575 0.96129 0.751822 0.564166 0.43131 0.376608 0.409675 0.524699 0.70146 0.908887 1.11052 1.27091 1.36186 1.3674 1.28654 1.13349 0.935171 0.726432 0.54397 0.419857 0.375911 
0.585379 0.629325 0.753438 0.935901 1.14464 1.34296 1.496 1.57687 1.57133 1.48038 1.31999 1.11836 0.910928 0.734167 0.619143 0.586076 0.640778 0.773634 0.96129 1.17076 1.36522 1.51049 1.58103 1.56444 1.46365 1.29636 1.09198 0.886442 0.715875 0.610261 0.588165 0.653471 0.7947 0.987025 1.19664 1.3867 1.52379 1.58381 1.55622 1.44586 1.27214 1.06558 0.86251 0.698613 0.602702 0.591639 0.667367 0.816575 1.01303 1.22221 1.40733 1.53586 1.58521 1.54669 1.42708 1.2474 1.03925 0.839199 0.682428 0.596489 0.596489 0.682428 0.839199 1.03925 1.2474 1.42708 1.54669 1.58521 1.53586 1.40733 1.22221 1.01303 0.816575 0.667367 0.591639 0.602702 0.698613 0.86251 1.06558 1.27214 1.44586 1.55622 1.58381 1.52379 1.3867 1.19664 0.987025 0.7947 0.653471 0.588165 0.610261 0.715875 0.886442 1.09198 1.29636 1.46365 1.56444 1.58103 1.51049 1.36522 1.17076 0.96129 0.773634 0.640778 0.586076 0.619143 0.734167 0.910928 1.11836 1.31999 1.48038 1.57133 1.57687 1.496 1.34296 1.14464 0.935901 0.753438 0.629325 0.585379 
0.77984 0.823786 0.947898 1.13036 1.3391 1.53742 1.69046 1.77133 1.76579 1.67484 1.51445 1.31282 1.10539 0.928627 0.813603 0.780536 0.835239 0.968095 1.15575 1.36522 1.55968 1.70495 1.77549 1.7589 1.65811 1.49082 1.28644 1.0809 0.910335 0.804721 0.782625 0.847931 0.98916 1.18149 1.3911 1.58116 1.71825 1.77827 1.75068 1.64032 1.4666 1.26004 1.05697 0.893073 0.797163 0.786099 0.861827 1.01104 1.20749 1.41667 1.60179 1.73032 1.77967 1.74115 1.62154 1.44186 1.23371 1.03366 0.876888 0.79095 0.79095 0.876888 1.03366 1.23371 1.44186 1.62154 1.74115 1.77967 1.73032 1.60179 1.41667 1.20749 1.01104 0.861827 0.786099 0.797163 0.893073 1.05697 1.26004 1.4666 1.64032 1.75068 1.77827 1.71825 1.58116 1.3911 1.18149 0.98916 0.847931 0.782625 0.804721 0.910335 1.0809 1.28644 1.49082 1.65811 1.7589 1.77549 1.70495 1.55968 1.36522 1.15575 0.968095 0.835239 0.780536 0.813603 0.928627 1.10539 1.31282 1.51445 1.67484 1.76579 1.77133 1.69046 1.53742 1.3391 1.13036 0.947898 0.823786 0.77984 
0.925109 0.969055 1.09317 1.27563 1.48437 1.68269 1.83573 1.9166 1.91106 1.82011 1.65971 1.45808 1.25066 1.0739 0.958872 0.925805 0.980508 1.11336 1.30102 1.51049 1.70495 1.85022 1.92076 1.90417 1.80338 1.63609 1.43171 1.22617 1.0556 0.94999 0.927894 0.9932 1.13443 1.32675 1.53637 1.72643 1.86352 1.92354 1.89595 1.78559 1.61187 1.40531 1.20224 1.03834 0.942432 0.931368 1.0071 1.1563 1.35276 1.56194 1.74706 1.87559 1.92493 1.88641 1.7668 1.58713 1.37897 1.17893 1.02216 0.936218 0.936218 1.02216 1.17893 1.37897 1.58713 1.7668 1.88641 1.92493 1.87559 1.74706 1.56194 1.35276 1.1563 1.0071 0.931368 0.942432 1.03834 1.20224 1.40531 1.61187 1.78559 1.89595 1.92354 1.86352 1.72643 1.53637 1.32675 1.13443 0.9932 0.927894 0.94999 1.0556 1.22617 1.43171 1.63609 1.80338 1.90417 1.92076 1.85022 1.70495 1.51049 1.30102 1.11336 0.980508 0.925805 0.958872 1.0739 1.25066 1.45808 1.65971 1.82011 1.91106 1.9166 1.83573 1.68269 1.48437 1.27563 1.09317 0.969055 0.925109 
0.99565 1.0396 1.16371 1.34617 1.55491 1.75323 1.90628 1.98714 1.9816 1.89065 1.73026 1.52863 1.3212 1.14444 1.02941 0.996347 1.05105 1.18391 1.37156 1.58103 1.77549 1.92076 1.9913 1.97472 1.87392 1.70663 1.50225 1.29671 1.12615 1.02053 0.998436 1.06374 1.20497 1.3973 1.60691 1.79697 1.93406 1.99408 1.96649 1.85613 1.68241 1.47586 1.27278 1.10888 1.01297 1.00191 1.07764 1.22685 1.42331 1.63248 1.81761 1.94613 1.99548 1.95696 1.83735 1.65767 1.44952 1.24947 1.0927 1.00676 1.00676 1.0927 1.24947 1.44952 1.65767 1.83735 1.95696 1.99548 1.94613 1.81761 1.63248 1.42331 1.22685 1.07764 1.00191 1.01297 1.10888 1.27278 1.47586 1.68241 1.85613 1.96649 1.99408 1.93406 1.79697 1.60691 1.3973 1.20497 1.06374 0.998436 1.02053 1.12615 1.29671 1.50225 1.70663 1.87392 1.97472 1.9913 1.92076 1.77549 1.58103 1.37156 1.18391 1.05105 0.996347 1.02941 1.14444 1.3212 1.52863 1.73026 1.89065 1.9816 1.98714 1.90628 1.75323 1.55491 1.34617 1.16371 1.0396 0.99565 
0.979065 1.02301 1.14712 1.32959 1.53833 1.73665 1.88969 1.97055 1.96502 1.87406 1.71367 1.51204 1.30461 1.12785 1.01283 0.979762 1.03446 1.16732 1.35498 1.56444 1.7589 1.90417 1.97472 1.95813 1.85733 1.69004 1.48566 1.28013 1.10956 1.00395 0.98185 1.04716 1.18839 1.38071 1.59033 1.78038 1.91747 1.9775 1.94991 1.83955 1.66582 1.45927 1.2562 1.0923 0.996388 0.985324 1.06105 1.21026 1.40672 1.6159 1.80102 1.92955 1.97889 1.94037 1.82076 1.64109 1.43293 1.23288 1.07611 0.990175 0.990175 1.07611 1.23288 1.43293 1.64109 1.82076 1.94037 1.97889 1.92955 1.80102 1.6159 1.40672 1.21026 1.06105 0.985324 0.996388 1.0923 1.2562 1.45927 1.66582 1.83955 1.94991 1.9775 1.91747 1.78038 1.59033 1.38071 1.18839 1.04716 0.98185 1.00395 1.10956 1.28013 1.48566 1.69004 1.85733 1.95813 1.97472 1.90417 1.7589 1.56444 1.35498 1.16732 1.03446 0.979762 1.01283 1.12785 1.30461 1.51204 1.71367 1.87406 1.96502 1.97055 1.88969 1.73665 1.53833 1.32959 1.14712 1.02301 0.979065 
0.878267 0.922213 1.04633 1.22879 1.43753 1.63585 1.78889 1.86975 1.86422 1.77326 1.61287 1.41124 1.20382 1.02706 0.912031 0.878964 0.933667 1.06652 1.25418 1.46365 1.65811 1.80338 1.87392 1.85733 1.75653 1.58924 1.38487 1.17933 1.00876 0.903149 0.881053 0.946359 1.08759 1.27991 1.48953 1.67958 1.81667 1.8767 1.84911 1.73875 1.56503 1.35847 1.1554 0.991501 0.89559 0.884527 0.960255 1.10946 1.30592 1.5151 1.70022 1.82875 1.87809 1.83957 1.71996 1.54029 1.33213 1.13209 0.975316 0.889377 0.889377 0.975316 1.13209 1.33213 1.54029 1.71996 1.83957 1.87809 1.82875 1.70022 1.5151 1.30592 1.10946 0.960255 0.884527 0.89559 0.991501 1.1554 1.35847 1.56503 1.73875 1.84911 1.8767 1.81667 1.67958 1.48953 1.27991 1.08759 0.946359 0.881053 0.903149 1.00876 1.17933 1.38487 1.58924 1.75653 1.85733 1.87392 1.80338 1.65811 1.46365 1.25418 1.06652 0.933667 0.878964 0.912031 1.02706 1.20382 1.41124 1.61287 1.77326 1.86422 1.86975 1.78889 1.63585 1.43753 1.22879 1.04633 0.922213 0.878267 
0.710977 0.754923 0.879036 1.0615 1.27024 1.46856 1.6216 1.70246 1.69693 1.60597 1.44558 1.24395 1.03653 0.859765 0.744741 0.711674 0.766376 0.899232 1.08689 1.29636 1.49082 1.63609 1.70663 1.69004 1.58924 1.42195 1.21758 1.01204 0.841472 0.735858 0.713762 0.779068 0.920297 1.11262 1.32224 1.51229 1.64938 1.70941 1.68182 1.57146 1.39774 1.19118 0.988108 0.82421 0.7283 0.717236 0.792964 0.942172 1.13863 1.34781 1.53293 1.66146 1.7108 1.67228 1.55267 1.373 1.16484 0.964797 0.808026 0.722087 0.722087 0.808026 0.964797 1.16484 1.373 1.55267 1.67228 1.7108 1.66146 1.53293 1.34781 1.13863 0.942172 0.792964 0.717236 0.7283 0.82421 0.988108 1.19118 1.39774 1.57146 1.68182 1.70941 1.64938 1.51229 1.32224 1.11262 0.920297 0.779068 0.713762 0.735858 0.841472 1.01204 1.21758 1.42195 1.58924 1.69004 1.70663 1.63609 1.49082 1.29636 1.08689 0.899232 0.766376 0.711674 0.744741 0.859765 1.03653 1.24395 1.44558 1.60597 1.69693 1.70246 1.6216 1.46856 1.27024 1.0615 0.879036 0.754923 0.710977 
0.5066 0.550546 0.674659 0.857121 1.06586 1.26418 1.41722 1.49809 1.49255 1.4016 1.24121 1.03958 0.832149 0.655388 0.540364 0.507297 0.561999 0.694855 0.882511 1.09198 1.28644 1.43171 1.50225 1.48566 1.38487 1.21758 1.0132 0.807662 0.637095 0.531481 0.509385 0.574691 0.71592 0.908246 1.11786 1.30792 1.44501 1.50503 1.47744 1.36708 1.19336 0.986805 0.783731 0.619833 0.523923 0.512859 0.588587 0.737795 0.934255 1.14343 1.32856 1.45708 1.50643 1.46791 1.3483 1.16862 0.960466 0.76042 0.603649 0.51771 0.51771 0.603649 0.76042 0.960466 1.16862 1.3483 1.46791 1.50643 1.45708 1.32856 1.14343 0.934255 0.737795 0.588587 0.512859 0.523923 0.619833 0.783731 0.986805 1.19336 1.36708 1.47744 1.50503 1.44501 1.30792 1.11786 0.908246 0.71592 0.574691 0.509385 0.531481 0.637095 0.807662 1.0132 1.21758 1.38487 1.48566 1.50225 1.43171 1.28644 1.09198 0.882511 0.694855 0.561999 0.507297 0.540364 0.655388 0.832149 1.03958 1.24121 1.4016 1.49255 1.49809 1.41722 1.26418 1.06586 0.857121 0.674659 0.550546 0.5066 
0.301063 0.345009 0.469122 0.651584 0.860323 1.05864 1.21169 1.29255 1.28702 1.19606 1.03567 0.834039 0.626612 0.44985 0.334827 0.301759 0.356462 0.489318 0.676973 0.886442 1.0809 1.22617 1.29671 1.28013 1.17933 1.01204 0.807662 0.602125 0.431558 0.325944 0.303848 0.369154 0.510383 0.702709 0.912323 1.10238 1.23947 1.2995 1.2719 1.16155 0.987822 0.781268 0.578194 0.414296 0.318386 0.307322 0.38305 0.532258 0.728718 0.937894 1.12302 1.25155 1.30089 1.26237 1.14276 0.963084 0.754929 0.554883 0.398112 0.312173 0.312173 0.398112 0.554883 0.754929 0.963084 1.14276 1.26237 1.30089 1.25155 1.12302 0.937894 0.728718 0.532258 0.38305 0.307322 0.318386 0.414296 0.578194 0.781268 0.987822 1.16155 1.2719 1.2995 1.23947 1.10238 0.912323 0.702709 0.510383 0.369154 0.303848 0.325944 0.431558 0.602125 0.807662 1.01204 1.17933 1.28013 1.29671 1.22617 1.0809 0.886442 0.676973 0.489318 0.356462 0.301759 0.334827 0.44985 0.626612 0.834039 1.03567 1.19606 1.28702 1.29255 1.21169 1.05864 0.860323 0.651584 0.469122 0.345009 0.301063 
0.130496 0.174441 0.298554 0.481017 0.689756 0.888077 1.04112 1.12198 1.11645 1.02549 0.865102 0.663472 0.456045 0.279283 0.164259 0.131192 0.185895 0.318751 0.506406 0.715875 0.910335 1.0556 1.12615 1.10956 1.00876 0.841472 0.637095 0.431558 0.260991 0.155377 0.133281 0.198587 0.339816 0.532141 0.741756 0.931813 1.0689 1.12893 1.10134 0.99098 0.817255 0.610701 0.407626 0.243729 0.147818 0.136755 0.212483 0.361691 0.558151 0.767327 0.952451 1.08098 1.13032 1.0918 0.972191 0.792517 0.584361 0.384316 0.227544 0.141605 0.141605 0.227544 0.384316 0.584361 0.792517 0.972191 1.0918 1.13032 1.08098 0.952451 0.767327 0.558151 0.361691 0.212483 0.136755 0.147818 0.243729 0.407626 0.610701 0.817255 0.99098 1.10134 1.12893 1.0689 0.931813 0.741756 0.532141 0.339816 0.198587 0.133281 0.155377 0.260991 0.431558 0.637095 0.841472 1.00876 1.10956 1.12615 1.0556 0.910335 0.715875 0.506406 0.318751 0.185895 0.131192 0.164259 0.279283 0.456045 0.663472 0.865102 1.02549 1.11645 1.12198 1.04112 0.888077 0.689756 0.481017 0.298554 0.174441 0.130496 
0.0248813 0.0688273 0.19294 0.375403 0.584142 0.782463 0.935506 1.01637 1.01083 0.919878 0.759488 0.557857 0.35043 0.173669 0.0586452 0.0255781 0.0802804 0.213136 0.400792 0.610261 0.804721 0.94999 1.02053 1.00395 0.903149 0.735858 0.531481 0.325944 0.155377 0.0497626 0.0276665 0.0929728 0.234202 0.426527 0.636142 0.826199 0.963289 1.02331 0.995723 0.885365 0.711641 0.505087 0.302012 0.138115 0.0422043 0.0311408 0.106869 0.256077 0.452536 0.661713 0.846837 0.975366 1.02471 0.986187 0.866577 0.686902 0.478747 0.278701 0.12193 0.0359912 0.0359912 0.12193 0.278701 0.478747 0.686902 0.866577 0.986187 1.02471 0.975366 0.846837 0.661713 0.452536 0.256077 0.106869 0.0311408 0.0422043 0.138115 0.302012 0.505087 0.711641 0.885365 0.995723 1.02331 0.963289 0.826199 0.636142 0.426527 0.234202 0.0929728 0.0276665 0.0497626 0.155377 0.325944 0.531481 0.735858 0.903149 1.00395 1.02053 0.94999 0.804721 0.610261 0.400792 0.213136 0.0802804 0.0255781 0.0586452 0.173669 0.35043 0.557857 0.759488 0.919878 1.01083 1.01637 0.935506 0.782463 0.584142 0.375403 0.19294 0.0688273 0.0248813 
0.00278524 0.0467312 0.170844 0.353307 0.562045 0.760367 0.91341 0.994272 0.988738 0.897782 0.737392 0.535761 0.328334 0.151573 0.0365491 0.00348203 0.0581844 0.19104 0.378696 0.588165 0.782625 0.927894 0.998436 0.98185 0.881053 0.713762 0.509385 0.303848 0.133281 0.0276665 0.00557047 0.0708767 0.212105 0.404431 0.614046 0.804103 0.941193 1.00122 0.973627 0.863269 0.689544 0.48299 0.279916 0.116018 0.0201082 0.00904474 0.0847729 0.233981 0.43044 0.639617 0.82474 0.95327 1.00261 0.964091 0.844481 0.664806 0.456651 0.256605 0.0998341 0.0138952 0.0138952 0.0998341 0.256605 0.456651 0.664806 0.844481 0.964091 1.00261 0.95327 0.82474 0.639617 0.43044 0.233981 0.0847729 0.00904474 0.0201082 0.116018 0.279916 0.48299 0.689544 0.863269 0.973627 1.00122 0.941193 0.804103 0.614046 0.404431 0.212105 0.0708767 0.00557047 0.0276665 0.133281 0.303848 0.509385 0.713762 0.881053 0.98185 0.998436 0.927894 0.782625 0.588165 0.378696 0.19104 0.0581844 0.00348203 0.0365491 0.151573 0.328334 0.535761 0.737392 0.897782 0.988738 0.994272 0.91341 0.760367 0.562045 0.353307 0.170844 0.0467312 0.00278524 
0.0680915 0.112037 0.23615 0.418613 0.627352 0.825673 0.978716 1.05958 1.05404 0.963088 0.802698 0.601067 0.393641 0.216879 0.101855 0.0687883 0.123491 0.256347 0.444002 0.653471 0.847931 0.9932 1.06374 1.04716 0.946359 0.779068 0.574691 0.369154 0.198587 0.0929728 0.0708767 0.136183 0.277412 0.469737 0.679352 0.869409 1.0065 1.06652 1.03893 0.928575 0.754851 0.548297 0.345222 0.181325 0.0854144 0.074351 0.150079 0.299287 0.495746 0.704923 0.890047 1.01858 1.06792 1.0294 0.909787 0.730113 0.521957 0.321912 0.16514 0.0792014 0.0792014 0.16514 0.321912 0.521957 0.730113 0.909787 1.0294 1.06792 1.01858 0.890047 0.704923 0.495746 0.299287 0.150079 0.074351 0.0854144 0.181325 0.345222 0.548297 0.754851 0.928575 1.03893 1.06652 1.0065 0.869409 0.679352 0.469737 0.277412 0.136183 0.0708767 0.0929728 0.198587 0.369154 0.574691 0.779068 0.946359 1.04716 1.06374 0.9932 0.847931 0.653471 0.444002 0.256347 0.123491 0.0687883 0.101855 0.216879 0.393641 0.601067 0.802698 0.963088 1.05404 1.05958 0.978716 0.825673 0.627352 0.418613 0.23615 0.112037 0.0680915 
0.20932 0.253266 0.377379 0.559842 0.76858 0.966902 1.11995 1.20081 1.19527 1.10432 0.943927 0.742296 0.534869 0.358108 0.243084 0.210017 0.264719 0.397575 0.585231 0.7947 0.98916 1.13443 1.20497 1.18839 1.08759 0.920297 0.71592 0.510383 0.339816 0.234202 0.212105 0.277412 0.418641 0.610966 0.820581 1.01064 1.14773 1.20775 1.18016 1.0698 0.896079 0.689525 0.486451 0.322553 0.226643 0.21558 0.291308 0.440516 0.636975 0.846152 1.03128 1.1598 1.20915 1.17063 1.05102 0.871341 0.663186 0.46314 0.306369 0.22043 0.22043 0.306369 0.46314 0.663186 0.871341 1.05102 1.17063 1.20915 1.1598 1.03128 0.846152 0.636975 0.440516 0.291308 0.21558 0.226643 0.322553 0.486451 0.689525 0.896079 1.0698 1.18016 1.20775 1.14773 1.01064 0.820581 0.610966 0.418641 0.277412 0.212105 0.234202 0.339816 0.510383 0.71592 0.920297 1.08759 1.18839 1.20497 1.13443 0.98916 0.7947 0.585231 0.397575 0.264719 0.210017 0.243084 0.358108 0.534869 0.742296 0.943927 1.10432 1.19527 1.20081 1.11995 0.966902 0.76858 0.559842 0.377379 0.253266 0.20932 
0.401646 0.445592 0.569705 0.752167 0.960906 1.15923 1.31227 1.39313 1.3876 1.29664 1.13625 0.934622 0.727195 0.550434 0.43541 0.402343 0.457045 0.589901 0.777557 0.987025 1.18149 1.32675 1.3973 1.38071 1.27991 1.11262 0.908246 0.702709 0.532141 0.426527 0.404431 0.469737 0.610966 0.803292 1.01291 1.20296 1.34005 1.40008 1.37249 1.26213 1.08841 0.881851 0.678777 0.514879 0.418969 0.407905 0.483633 0.632841 0.829301 1.03848 1.2236 1.35213 1.40147 1.36295 1.24334 1.06367 0.855512 0.655466 0.498695 0.412756 0.412756 0.498695 0.655466 0.855512 1.06367 1.24334 1.36295 1.40147 1.35213 1.2236 1.03848 0.829301 0.632841 0.483633 0.407905 0.418969 0.514879 0.678777 0.881851 1.08841 1.26213 1.37249 1.40008 1.34005 1.20296 1.01291 0.803292 0.610966 0.469737 0.404431 0.426527 0.532141 0.702709 0.908246 1.11262 1.27991 1.38071 1.3973 1.32675 1.18149 0.987025 0.777557 0.589901 0.457045 0.402343 0.43541 0.550434 0.727195 0.934622 1.13625 1.29664 1.3876 1.39313 1.31227 1.15923 0.960906 0.752167 0.569705 0.445592 0.401646 
0.61126 0.655206 0.779319 0.961782 1.17052 1.36884 1.52189 1.60275 1.59721 1.50626 1.34587 1.14424 0.936809 0.760048 0.645024 0.611957 0.66666 0.799516 0.987171 1.19664 1.3911 1.53637 1.60691 1.59033 1.48953 1.32224 1.11786 0.912323 0.741756 0.636142 0.614046 0.679352 0.820581 1.01291 1.22252 1.41258 1.54967 1.60969 1.5821 1.47174 1.29802 1.09147 0.888391 0.724494 0.628583 0.61752 0.693248 0.842456 1.03892 1.24809 1.43322 1.56174 1.61109 1.57257 1.45296 1.27328 1.06513 0.865081 0.708309 0.62237 0.62237 0.708309 0.865081 1.06513 1.27328 1.45296 1.57257 1.61109 1.56174 1.43322 1.24809 1.03892 0.842456 0.693248 0.61752 0.628583 0.724494 0.888391 1.09147 1.29802 1.47174 1.5821 1.60969 1.54967 1.41258 1.22252 1.01291 0.820581 0.679352 0.614046 0.636142 0.741756 0.912323 1.11786 1.32224 1.48953 1.59033 1.60691 1.53637 1.3911 1.19664 0.987171 0.799516 0.66666 0.611957 0.645024 0.760048 0.936809 1.14424 1.34587 1.50626 1.59721 1.60275 1.52189 1.36884 1.17052 0.961782 0.779319 0.655206 0.61126 
0.801317 0.845263 0.969376 1.15184 1.36058 1.5589 1.71194 1.7928 1.78727 1.69631 1.53592 1.33429 1.12687 0.950105 0.835081 0.802014 0.856716 0.989572 1.17723 1.3867 1.58116 1.72643 1.79697 1.78038 1.67958 1.51229 1.30792 1.10238 0.931813 0.826199 0.804103 0.869409 1.01064 1.20296 1.41258 1.60263 1.73972 1.79975 1.77216 1.6618 1.48808 1.28152 1.07845 0.914551 0.81864 0.807577 0.883305 1.03251 1.22897 1.43815 1.62327 1.7518 1.80114 1.76262 1.64301 1.46334 1.25518 1.05514 0.898366 0.812427 0.812427 0.898366 1.05514 1.25518 1.46334 1.64301 1.76262 1.80114 1.7518 1.62327 1.43815 1.22897 1.03251 0.883305 0.807577 0.81864 0.914551 1.07845 1.28152 1.48808 1.6618 1.77216 1.79975 1.73972 1.60263 1.41258 1.20296 1.01064 0.869409 0.804103 0.826199 0.931813 1.10238 1.30792 1.51229 1.67958 1.78038 1.79697 1.72643 1.58116 1.3867 1.17723 0.989572 0.856716 0.802014 0.835081 0.950105 1.12687 1.33429 1.53592 1.69631 1.78727 1.7928 1.71194 1.5589 1.36058 1.15184 0.969376 0.845263 0.801317 
0.938407 0.982353 1.10647 1.28893 1.49767 1.69599 1.84903 1.92989 1.92436 1.8334 1.67301 1.47138 1.26396 1.0872 0.972171 0.939104 0.993807 1.12666 1.31432 1.52379 1.71825 1.86352 1.93406 1.91747 1.81667 1.64938 1.44501 1.23947 1.0689 0.963289 0.941193 1.0065 1.14773 1.34005 1.54967 1.73972 1.87681 1.93684 1.90925 1.79889 1.62517 1.41861 1.21554 1.05164 0.95573 0.944667 1.0204 1.1696 1.36606 1.57524 1.76036 1.88889 1.93823 1.89971 1.7801 1.60043 1.39227 1.19223 1.03546 0.949517 0.949517 1.03546 1.19223 1.39227 1.60043 1.7801 1.89971 1.93823 1.88889 1.76036 1.57524 1.36606 1.1696 1.0204 0.944667 0.95573 1.05164 1.21554 1.41861 1.62517 1.79889 1.90925 1.93684 1.87681 1.73972 1.54967 1.34005 1.14773 1.0065 0.941193 0.963289 1.0689 1.23947 1.44501 1.64938 1.81667 1.91747 1.93406 1.86352 1.71825 1.52379 1.31432 1.12666 0.993807 0.939104 0.972171 1.0872 1.26396 1.47138 1.67301 1.8334 1.92436 1.92989 1.84903 1.69599 1.49767 1.28893 1.10647 0.982353 0.938407 
0.998433 1.04238 1.16649 1.34895 1.55769 1.75601 1.90906 1.98992 1.98439 1.89343 1.73304 1.53141 1.32398 1.14722 1.0322 0.999129 1.05383 1.18669 1.37434 1.58381 1.77827 1.92354 1.99408 1.9775 1.8767 1.70941 1.50503 1.2995 1.12893 1.02331 1.00122 1.06652 1.20775 1.40008 1.60969 1.79975 1.93684 1.99687 1.96927 1.85892 1.68519 1.47864 1.27556 1.11167 1.01576 1.00469 1.08042 1.22963 1.42609 1.63526 1.82039 1.94892 1.99826 1.95974 1.84013 1.66045 1.4523 1.25225 1.09548 1.00954 1.00954 1.09548 1.25225 1.4523 1.66045 1.84013 1.95974 1.99826 1.94892 1.82039 1.63526 1.42609 1.22963 1.08042 1.00469 1.01576 1.11167 1.27556 1.47864 1.68519 1.85892 1.96927 1.99687 1.93684 1.79975 1.60969 1.40008 1.20775 1.06652 1.00122 1.02331 1.12893 1.2995 1.50503 1.70941 1.8767 1.9775 1.99408 1.92354 1.77827 1.58381 1.37434 1.18669 1.05383 0.999129 1.0322 1.14722 1.32398 1.53141 1.73304 1.89343 1.98439 1.98992 1.90906 1.75601 1.55769 1.34895 1.16649 1.04238 0.998433 
0.970841 1.01479 1.1389 1.32136 1.5301 1.72842 1.88147 1.96233 1.95679 1.86584 1.70545 1.50382 1.29639 1.11963 1.00461 0.971538 1.02624 1.1591 1.34675 1.55622 1.75068 1.89595 1.96649 1.94991 1.84911 1.68182 1.47744 1.2719 1.10134 0.995723 0.973627 1.03893 1.18016 1.37249 1.5821 1.77216 1.90925 1.96927 1.94168 1.83133 1.6576 1.45105 1.24797 1.08407 0.988164 0.977101 1.05283 1.20204 1.3985 1.60767 1.7928 1.92133 1.97067 1.93215 1.81254 1.63286 1.42471 1.22466 1.06789 0.981951 0.981951 1.06789 1.22466 1.42471 1.63286 1.81254 1.93215 1.97067 1.92133 1.7928 1.60767 1.3985 1.20204 1.05283 0.977101 0.988164 1.08407 1.24797 1.45105 1.6576 1.83133 1.94168 1.96927 1.90925 1.77216 1.5821 1.37249 1.18016 1.03893 0.973627 0.995723 1.10134 1.2719 1.47744 1.68182 1.84911 1.94991 1.96649 1.89595 1.75068 1.55622 1.34675 1.1591 1.02624 0.971538 1.00461 1.11963 1.29639 1.50382 1.70545 1.86584 1.95679 1.96233 1.88147 1.72842 1.5301 1.32136 1.1389 1.01479 0.970841 
